                                                                      [0m
                      [38;2;135;90;236m█                                               [0m
                                             [38;2;127;102;166m█                        [0m
                      [38;2;135;93;238m█    [38;2;155;106;231m█[38;2;156;105;242m█[38;2;152;106;247m█ [38;2;153;105;245m█[38;2;156;107;247m█[38;2;153;105;245m█ [38;2;154;105;245m█ [38;2;82;66;124m█ [38;2;152;102;242m█[38;2;159;109;246m█[38;2;155;107;248m█   [38;2;131;89;238m█                        [0m
                      [38;2;88;62;169m█    [38;2;131;90;244m█[38;2;64;46;109m█[38;2;131;89;241m█ [38;2;132;90;240m█[38;2;66;47;109m█[38;2;134;92;241m█ [38;2;132;90;242m█ [38;2;82;65;119m█ [38;2;132;90;239m█[38;2;61;50;114m█[38;2;139;95;236m█[38;2;132;95;221m█ [38;2;133;89;243m█[38;2;132;89;238m█[38;2;131;92;239m█                       [0m
                      [38;2;88;59;165m█[38;2;135;90;233m█[38;2;139;86;230m█[38;2;128;90;232m█ [38;2;131;89;238m█ [38;2;129;93;242m█ [38;2;132;91;241m█ [38;2;140;94;235m█[38;2;85;63;141m█[38;2;133;90;239m█ [38;2;89;70;121m█ [38;2;133;91;243m█ [38;2;25;20;45m█[38;2;132;92;239m█ [38;2;133;91;243m█[38;2;94;72;160m█[38;2;129;87;240m█                       [0m
                      [38;2;89;61;166m█[38;2;136;92;240m█[38;2;137;92;238m█[38;2;135;91;239m█ [38;2;131;90;241m█ [38;2;101;71;198m█ [38;2;134;91;240m█ [38;2;146;99;239m█[38;2;73;51;130m█[38;2;132;90;242m█ [38;2;89;68;130m█ [38;2;132;90;243m█  [38;2;134;90;239m█[38;2;144;93;239m█[38;2;22;13;50m█ [38;2;81;65;150m█[38;2;132;91;235m█                      [0m
                      [38;2;133;91;239m█[38;2;134;90;237m█[38;2;137;102;246m█[38;2;132;91;231m█ [38;2;133;91;240m█   [38;2;130;91;239m█[38;2;132;91;240m█[38;2;84;52;142m█ [38;2;132;91;240m█ [38;2;89;70;130m█ [38;2;131;90;242m█  [38;2;130;91;239m█[38;2;129;82;233m█[38;2;23;14;50m█  [38;2;125;87;225m█                      [0m
                      [38;2;134;90;228m█    [38;2;133;92;241m█ [38;2;38;25;70m█ [38;2;132;90;242m█ [38;2;133;88;236m█ [38;2;134;92;244m█ [38;2;98;77;141m█ [38;2;131;90;244m█  [38;2;131;89;239m█ [38;2;131;89;241m█ [38;2;130;89;237m█                       [0m
                     [38;2;136;90;238m█   [38;2;131;88;235m█ [38;2;134;91;240m█ [38;2;134;91;240m█ [38;2;134;89;243m█ [38;2;133;89;243m█ [38;2;134;93;244m█[38;2;64;49;118m█[38;2;134;90;240m█ [38;2;135;92;244m█ [38;2;121;91;204m█[38;2;128;84;238m█ [38;2;134;93;244m█[38;2;134;92;241m█[38;2;135;89;240m█                       [0m
                     [38;2;135;91;239m█[38;2;135;91;239m█ [38;2;135;91;239m█[38;2;134;90;238m█ [38;2;134;93;241m█[38;2;136;90;233m█[38;2;126;81;224m█ [38;2;133;100;240m█ [38;2;131;88;236m█[38;2;73;56;125m█[38;2;115;92;210m█[38;2;135;94;245m█[38;2;139;91;242m█[38;2;65;56;99m█[38;2;139;93;239m█[38;2;135;90;240m█[38;2;134;90;240m█[38;2;77;59;139m█  [38;2;137;92;243m█[38;2;48;33;74m█                       [0m
                     [38;2;86;68;145m█[38;2;88;70;146m█[38;2;88;70;147m█[38;2;87;69;145m█[38;2;87;69;146m█ [38;2;95;65;188m█[38;2;101;67;181m█[38;2;87;57;162m█ [38;2;89;61;166m█ [38;2;95;63;177m█[38;2;119;76;223m█ [38;2;93;60;178m█[38;2;93;64;173m█ [38;2;92;59;171m█[38;2;92;64;177m█[38;2;88;59;164m█                            [0m
