[?25l[0m[38;2;21;21;21;48;2;21;21;21m▄▄[38;2;20;21;21m▄[38;2;20;20;21;48;2;20;21;21m▄▄▄▄▄[38;2;20;21;21m▄[48;2;21;21;21m▄[38;2;21;21;21m▄▄▄▄▄▄▄▄▄[38;2;20;20;21;48;2;20;21;21m▄▄▄▄▄▄▄▄▄▄▄▄▄▄▄▄[38;2;20;21;21;48;2;21;21;21m▄[38;2;21;21;21m▄▄▄▄[38;2;20;21;21m▄[38;2;20;20;21;48;2;20;21;21m▄▄▄▄▄▄▄▄▄▄▄▄▄▄▄▄▄▄▄▄▄▄▄▄▄▄▄▄▄▄▄[38;2;20;21;21m▄[48;2;21;21;21m▄[38;2;21;21;21m▄▄▄[38;2;20;21;21m▄▄[48;2;20;21;21m▄[38;2;20;20;21m▄▄▄▄▄▄▄▄▄▄▄▄▄▄▄▄▄▄▄▄▄▄▄▄▄▄▄▄[38;2;20;21;21m▄▄[0m
[38;2;21;21;21;48;2;21;21;21m▄[48;2;20;20;21m▌[38;2;20;20;20m▄[38;2;20;20;21m▄▄[38;2;20;20;20m▄▄[38;2;20;20;21m▄[38;2;21;21;21m▄[48;2;20;21;21m▄[48;2;21;21;21m▄[38;2;21;21;22m▄[38;2;22;22;22;48;2;21;21;22m▄▄[48;2;21;22;22m▄[48;2;22;22;22m▄▄[48;2;21;22;22m▄[48;2;21;21;22m▄[38;2;21;21;22;48;2;21;21;21m▄[38;2;21;21;21;48;2;20;20;21m▄[38;2;20;20;21m▄▄▄▄▄▄▄▄▄▄[38;2;20;20;20m▄[38;2;20;20;21m▄▄▄▄[48;2;20;21;21m▄[48;2;21;21;21m▄[48;2;20;21;21m▄[48;2;20;20;21m▄[38;2;20;20;20m▄▄▄[38;2;20;20;21m▄▄▄▄▄▄▄▄▄▄▄▄▄▄▄▄▄▄▄▄▄▄▄▄▄▄▄▄▄▄▄[48;2;20;21;21m▄▄[38;2;20;21;21;48;2;20;20;21m▌[38;2;20;20;20m▄▄▄▄▄▄▄▄▄▄▄▄▄▄▄▄▄▄▄▄▄▄▄▄▄▄[38;2;20;20;21m▄▄▄▄▄▄▄[0m
[38;2;20;21;21;48;2;21;21;21m▌[38;2;21;21;21;48;2;20;20;21m▌[38;2;20;20;20m▌[38;2;20;20;21m▄▄[48;2;20;20;20m▄[38;2;21;21;21;48;2;20;20;21m▄[48;2;21;21;21m▄▄[38;2;21;21;22m▄[38;2;21;22;22;48;2;21;21;22m▄[38;2;22;22;22;48;2;22;22;22m▄▄[38;2;22;22;21m▄[38;2;73;52;119m▄[38;2;75;54;125;48;2;22;22;23m▄[38;2;22;22;22;48;2;22;22;22m▄▄▄[48;2;21;22;22m▄[38;2;21;22;22;48;2;21;21;21m▄[38;2;21;21;21m▄[48;2;20;20;21m▄[38;2;20;21;21m▄[38;2;20;20;21m▄▄▄▄[48;2;20;20;20m▄▄▄▄[38;2;21;21;21m▄[48;2;20;20;21m▄▄▄▄▄[48;2;20;21;21m▄[48;2;20;20;21m▄[38;2;20;21;21m▄[48;2;20;20;20m▄▄▄[38;2;21;21;21m▄▄▄▄[38;2;20;21;21;48;2;20;20;21m▄[48;2;20;20;20m▄▄[38;2;20;20;21m▄▄[48;2;20;20;21m▄▄▄▄▄▄▄[48;2;20;20;20m▄[48;2;20;20;21m▄▄▄▄[38;2;20;21;21m▄▄▄[38;2;20;20;21m▄▄[38;2;20;21;21m▄[38;2;21;21;21m▄▄▄▄[48;2;20;21;21m▄▄[48;2;20;20;21m▄[48;2;20;20;20m▄▄▄[38;2;20;21;21m▄[38;2;20;20;21m▄[48;2;20;20;21m▄▄▄[48;2;20;20;20m▄▄[38;2;20;21;21m▄[38;2;21;21;21m▄▄[48;2;20;20;21m▄▄▄[48;2;20;20;20m▄[48;2;20;20;21m▄[48;2;20;20;20m▄[38;2;20;20;21m▄▄▄▄▄▄▄▄[48;2;20;20;21m▄▄▄▄▄[0m
[38;2;20;21;21;48;2;20;21;21m▄[48;2;20;20;21m▌[38;2;20;20;21m▄▄▄[38;2;21;21;21;48;2;21;21;21m▄[38;2;21;21;22m▄[48;2;21;21;22m▄[38;2;22;22;22m▄[48;2;22;22;22m▄▄[38;2;50;38;72;48;2;22;22;21m▄[38;2;133;89;230;48;2;67;50;104m▄[38;2;135;90;234;48;2;71;52;112m▄[38;2;116;80;199;48;2;78;55;129m▄[38;2;116;77;200;48;2;78;52;129m▄[38;2;21;22;19;48;2;46;37;68m▌[38;2;54;40;84;48;2;83;57;140m▄[38;2;22;22;21;48;2;22;22;22m▌[38;2;22;22;22m▄▄[48;2;21;22;22m▄[38;2;21;22;22;48;2;21;21;22m▄[38;2;21;21;22;48;2;21;21;21m▄[38;2;21;21;21m▄[48;2;20;20;21m▄▄▄[38;2;21;22;22;48;2;21;21;21m▄[38;2;22;22;22m▄[48;2;21;21;22m▄[38;2;21;22;22m▄[48;2;21;22;22m▄[48;2;22;22;22m▄▄▄[38;2;22;22;22m▄▄[48;2;21;21;22m▄[48;2;21;21;21m▄▄[48;2;21;21;22m▄▄▄[48;2;22;22;22m▄[38;2;21;22;22m▄▄[48;2;21;22;22m▄▄[48;2;21;21;22m▄[38;2;22;22;22m▄▄▄[48;2;21;21;21m▄▄▄▄▄[48;2;21;21;22m▄▄[48;2;21;21;21m▄▄▄▄▄[48;2;21;21;22m▄▄▄▄▄▄[48;2;21;22;22m▄[48;2;22;22;22m▄▄▄▄[48;2;21;22;22m▌[38;2;21;21;22m▄[38;2;21;22;22m▄[48;2;22;22;22m▌[38;2;22;22;22;48;2;21;22;22m▄[48;2;21;21;22m▄[48;2;21;21;21m▄▄[38;2;21;21;22m▄[38;2;21;21;21m▄▄[38;2;21;21;22m▄▄[38;2;21;22;22m▄[38;2;22;22;22;48;2;21;21;22m▄▄▄[38;2;21;21;22m▄▄[38;2;21;22;22m▄[38;2;22;22;22m▄▄[38;2;21;22;22;48;2;21;21;21m▄[38;2;21;21;22m▄▄[38;2;21;21;21;48;2;20;20;21m▄▄[38;2;20;21;21m▄[38;2;20;20;21m▄▄▄▄▄▄[0m
[38;2;20;21;21;48;2;20;21;21m▄[48;2;20;20;21m▌[38;2;20;20;21m▄[38;2;20;21;21m▄[38;2;21;21;21;48;2;21;21;21m▄[38;2;21;22;22;48;2;21;21;22m▄[38;2;22;22;22;48;2;21;22;22m▄▄[48;2;22;22;22m▄▄[38;2;58;44;86;48;2;22;21;19m▄[38;2;90;63;148;48;2;121;82;212m▄[38;2;63;47;97;48;2;97;67;168m▄[38;2;23;23;22;48;2;60;45;95m▄[38;2;23;23;23;48;2;93;62;157m▄[48;2;40;33;58m▄[38;2;22;22;23;48;2;23;22;22m▄[38;2;22;22;22;48;2;22;22;23m▄[48;2;22;22;22m▄▄[38;2;22;22;23m▄[38;2;22;22;22m▄▄[48;2;21;22;22m▄[38;2;21;22;22;48;2;21;21;22m▄▄[38;2;22;22;22m▄[48;2;22;22;22m▄▄[38;2;21;21;21m▄[38;2;20;21;20;48;2;21;22;22m▄[38;2;20;21;19;48;2;21;21;22m▄▄[38;2;20;20;19m▄[38;2;20;21;19m▄[38;2;20;21;20m▄[38;2;21;21;20;48;2;21;22;22m▄[38;2;21;22;21;48;2;22;22;22m▄[38;2;22;22;22m▄[48;2;22;22;23m▌[38;2;22;22;23;48;2;22;23;23m▌[48;2;22;22;23m▄[38;2;22;22;21;48;2;22;22;22m▄[38;2;21;21;20m▄[38;2;20;21;20;48;2;21;22;22m▄[38;2;20;21;19;48;2;21;21;22m▄▄▄[38;2;20;21;20m▄[38;2;21;21;20;48;2;21;22;22m▄[48;2;22;22;22m▄[38;2;21;22;21m▄[38;2;23;23;23m▄[48;2;22;22;23m▄▄▄[38;2;22;22;23;48;2;22;22;22m▌[38;2;21;21;21m▄[38;2;21;21;20m▄▄[38;2;22;22;22;48;2;22;22;23m▌[38;2;23;23;23m▄[48;2;22;23;23m▄[48;2;23;23;23m▄[48;2;22;22;23m▌[38;2;21;22;22;48;2;22;22;22m▄[38;2;21;22;21m▄[38;2;22;22;21m▄[38;2;22;22;22;48;2;23;23;23m▌[38;2;23;23;23;48;2;22;23;23m▄[48;2;22;22;23m▌[38;2;22;22;21m▄[38;2;21;21;20;48;2;22;22;22m▄[38;2;20;21;20m▄[48;2;21;22;22m▄[38;2;20;20;19m▄▄[38;2;20;21;19;48;2;21;21;22m▄▄[38;2;21;21;20;48;2;21;22;22m▄[38;2;21;22;21;48;2;22;22;22m▄[38;2;22;22;23m▄▄▄▄▄▄▄▌[38;2;22;22;22m▄▄[48;2;36;32;46m▌[38;2;119;86;180;48;2;21;21;21m▄[38;2;120;86;182;48;2;21;21;20m▄[38;2;113;80;170;48;2;21;21;21m▄[38;2;22;23;23;48;2;22;22;22m▄[38;2;22;22;22m▄[38;2;22;22;23m▄[38;2;22;22;22m▄▄▄▄[48;2;21;21;22m▄▄[38;2;21;21;22;48;2;21;21;21m▄▄[38;2;21;21;21m▄[48;2;20;20;21m▄[38;2;20;20;21m▄▄[0m
[38;2;20;21;21;48;2;21;21;21m▌[38;2;21;21;21;48;2;20;21;21m▌▄[48;2;21;21;21m▄[38;2;21;21;22;48;2;21;22;22m▌[38;2;22;22;22;48;2;22;22;22m▄▄▄[38;2;21;22;22;48;2;21;21;22m▌[38;2;22;21;22;48;2;20;20;16m▌[38;2;105;73;177;48;2;129;88;226m▌[38;2;136;92;235;48;2;114;77;195m▄[38;2;105;73;174;48;2;124;80;211m▌[38;2;25;25;28;48;2;21;22;19m▄[38;2;23;23;23;48;2;23;23;23m▄▄[38;2;23;22;23;48;2;22;22;23m▄[38;2;22;22;23m▄▄[38;2;23;23;23m▄[38;2;22;23;23m▄▄[38;2;22;22;23m▄[48;2;22;22;22m▄[38;2;22;22;22m▄▄[38;2;22;22;23m▌[38;2;22;22;22m▄[38;2;71;55;101;48;2;21;21;22m▄[38;2;147;102;239;48;2;78;59;109m▄[38;2;137;96;241;48;2;141;98;222m▄[38;2;133;93;239;48;2;141;99;221m▄[38;2;132;92;238;48;2;142;100;220m▄[38;2;132;92;237;48;2;143;100;221m▄[38;2;133;91;238;48;2;144;101;222m▄[38;2;133;92;240;48;2;143;100;222m▄[38;2;134;93;240;48;2;142;99;222m▄[38;2;134;94;239;48;2;140;98;218m▄[38;2;132;91;235;48;2;60;48;89m▄[38;2;54;43;86;48;2;22;22;23m▄[38;2;22;22;22m▄[38;2;22;21;22;48;2;20;20;19m▌[38;2;91;67;134;48;2;144;100;228m▌[38;2;135;93;243;48;2;142;98;221m▄[38;2;134;93;242;48;2;142;99;222m▄[38;2;133;92;241m▄[38;2;133;92;239;48;2;142;100;222m▄[38;2;134;92;239;48;2;143;100;223m▄[38;2;133;92;238;48;2;144;100;223m▄[38;2;134;92;239m▄[38;2;134;93;241;48;2;143;100;222m▄[38;2;134;94;240;48;2;140;99;218m▄[38;2;135;94;241;48;2;77;59;117m▄[38;2;95;67;165;48;2;30;29;37m▄[38;2;31;28;41;48;2;22;23;23m▌[38;2;22;22;22;48;2;23;22;23m▄[48;2;53;41;75m▌[38;2;138;96;240;48;2;137;95;213m▄[38;2;133;93;241;48;2;142;98;222m▄[38;2;133;92;238;48;2;143;100;220m▄[38;2;121;85;202;48;2;32;27;42m▌[38;2;37;30;52;48;2;22;22;22m▌[38;2;22;22;23;48;2;23;23;23m▄[38;2;23;22;23m▄[38;2;22;22;23;48;2;21;21;21m▌[38;2;104;77;157;48;2;142;99;231m▌[38;2;135;93;242;48;2;142;99;221m▄[38;2;134;92;239;48;2;140;98;218m▄[38;2;137;93;229;48;2;40;33;58m▌[38;2;45;35;71;48;2;22;22;22m▌[38;2;21;21;22m▄[38;2;45;36;58;48;2;148;100;228m▌[38;2;134;93;241;48;2;140;96;219m▄[38;2;135;94;241;48;2;142;99;220m▄[38;2;134;94;241;48;2;144;101;222m▄[38;2;133;93;239;48;2;144;102;222m▄[38;2;133;92;238;48;2;145;101;223m▄[38;2;132;92;238;48;2;145;102;222m▄[38;2;133;92;239;48;2;144;102;223m▄[38;2;134;93;240;48;2;143;101;223m▄[38;2;134;93;239;48;2;139;99;216m▄[38;2;129;90;230;48;2;50;42;75m▄[38;2;51;41;80;48;2;23;23;23m▄[38;2;22;22;22;48;2;22;22;23m▄[38;2;22;22;23m▄[38;2;23;22;23;48;2;23;22;23m▄[38;2;22;22;23;48;2;22;22;22m▄[38;2;81;61;117;48;2;22;21;22m▄[38;2;140;97;231;48;2;56;44;77m▄[38;2;132;91;231;48;2;50;40;68m▄[38;2;85;66;130;48;2;21;21;21m▄[38;2;139;97;227;48;2;42;35;57m▄[38;2;138;96;237;48;2;133;93;237m▌[38;2;132;93;237;48;2;134;92;237m▄[38;2;134;92;236;48;2;123;85;217m▌[38;2;124;88;211;48;2;34;28;50m▄[38;2;89;67;139;48;2;21;21;21m▄[38;2;140;97;232;48;2;53;42;72m▄[38;2;136;93;230;48;2;49;39;68m▄[38;2;58;46;87;48;2;22;22;22m▄[38;2;22;22;22m▄▄▄▄▄[48;2;21;21;22m▌[38;2;21;21;22;48;2;21;21;21m▌[38;2;21;21;21m▄▄[48;2;20;20;21m▄[0m
[38;2;20;21;21;48;2;21;21;21m▌[38;2;21;21;21m▄▄[48;2;21;22;22m▌[38;2;22;22;22;48;2;22;22;22m▄▄▄▄[38;2;21;22;22;48;2;21;21;21m▌[38;2;21;20;20;48;2;56;43;89m▌[38;2;128;88;226;48;2;134;93;235m▌[38;2;136;94;235;48;2;136;93;235m▌[38;2;129;88;221;48;2;105;72;179m▌[38;2;92;63;154;48;2;22;21;17m▌[38;2;23;21;22;48;2;23;22;23m▄[38;2;22;21;21;48;2;34;29;41m▌[38;2;64;47;100;48;2;22;22;23m▄[38;2;22;22;22;48;2;23;22;23m▄[48;2;22;22;23m▄[38;2;49;38;71m▄[38;2;54;41;83m▄[38;2;23;22;22;48;2;23;23;23m▄[48;2;24;23;24m▌[38;2;70;50;110;48;2;22;22;23m▄[38;2;29;27;37m▌[38;2;22;22;23m▄[38;2;22;22;22;48;2;22;21;22m▌[38;2;21;21;22;48;2;22;22;26m▌[38;2;152;104;236;48;2;135;95;239m▌[38;2;133;94;239;48;2;134;95;240m▄[38;2;133;93;239;48;2;133;91;238m▌[38;2;56;41;94;48;2;127;86;230m▄[38;2;74;51;127;48;2;63;48;108m▄[38;2;57;42;96;48;2;62;47;106m▄[38;2;57;42;97;48;2;63;47;108m▄[38;2;61;45;101;48;2;71;52;119m▌[38;2;100;70;169;48;2;131;90;240m▄[38;2;132;91;240;48;2;132;93;239m▄[38;2;131;90;238;48;2;133;93;238m▄[38;2;131;89;236;48;2;76;54;130m▌[38;2;67;45;107;48;2;22;22;27m▌[38;2;20;20;20;48;2;19;19;17m▌[38;2;113;79;173;48;2;137;96;240m▌[38;2;132;93;241;48;2;133;94;242m▄[38;2;133;94;241;48;2;132;92;239m▌[38;2;129;87;235;48;2;46;37;72m▌[38;2;71;50;126;48;2;60;43;101m▌[38;2;57;40;96;48;2;63;48;107m▄[38;2;59;42;99;48;2;63;47;107m▄[38;2;57;41;95m▄[38;2;65;45;111;48;2;108;76;193m▄[38;2;127;90;228;48;2;132;93;240m▄[38;2;132;93;240;48;2;132;93;239m▄[38;2;132;92;238;48;2;132;91;238m▌[38;2;71;52;122;48;2;60;43;101m▌[38;2;22;23;26;48;2;21;21;22m▌[38;2;21;21;21;48;2;57;42;81m▌[38;2;141;98;238;48;2;132;94;240m▌[38;2;132;94;240;48;2;132;93;240m▄[38;2;132;93;239;48;2;132;92;238m▌[38;2;115;78;211;48;2;35;25;47m▌[38;2;58;41;99;48;2;21;21;21m▌[38;2;22;22;22;48;2;22;22;23m▌[38;2;22;22;23m▄[38;2;22;21;23;48;2;21;20;20m▌[38;2;104;77;162;48;2;135;94;240m▌[38;2;132;93;241;48;2;132;93;240m▌[38;2;132;93;240;48;2;130;91;237m▌[38;2;130;89;236;48;2;29;20;34m▌[38;2;81;54;144;48;2;21;21;20m▌[38;2;21;21;21;48;2;21;20;21m▌[38;2;45;35;59;48;2;145;101;238m▌[38;2;132;94;240;48;2;133;93;239m▌[38;2;133;94;240;48;2;134;94;239m▌[38;2;134;93;239;48;2;92;64;165m▌[38;2;63;45;106;48;2;65;48;111m▌[38;2;59;42;98;48;2;63;46;108m▄[38;2;59;44;100;48;2;64;47;109m▄[38;2;59;44;98;48;2;65;49;108m▄[38;2;79;57;137;48;2;131;91;233m▄[38;2;133;93;238;48;2;133;94;239m▌[38;2;133;94;239;48;2;134;94;238m▄[38;2;133;92;238;48;2;121;85;215m▌[38;2;95;66;166;48;2;39;31;57m▌[38;2;33;28;45;48;2;21;21;22m▌[38;2;22;22;22;48;2;22;22;23m▌[38;2;21;21;21;48;2;24;24;28m▄[38;2;51;41;81;48;2;124;86;199m▄[38;2;123;85;210;48;2;133;93;238m▌[38;2;132;92;237;48;2;132;93;239m▄[38;2;131;90;233;48;2;132;92;238m▄[38;2;96;67;165;48;2;131;92;236m▄[38;2;57;41;94;48;2;131;91;235m▄[38;2;63;44;104m▄[38;2;72;52;122;48;2;131;92;235m▄[38;2;110;77;197;48;2;132;93;236m▄[38;2;131;91;235;48;2;133;94;236m▄[38;2;132;92;236;48;2;133;93;237m▄[38;2;133;92;237;48;2;102;72;178m▌[38;2;43;35;66;48;2;96;67;162m▄[38;2;32;28;46;48;2;21;21;22m▌[38;2;22;22;22;48;2;22;22;22m▄▄▄[38;2;22;22;23m▄[38;2;22;22;22m▄[48;2;21;21;22m▄[38;2;21;21;21;48;2;21;21;21m▄▄▄[0m
[38;2;21;21;21;48;2;21;21;21m▄▄▄[38;2;21;22;22;48;2;22;22;22m▌[38;2;22;22;22m▄▄[48;2;22;22;23m▌▄[38;2;22;21;22;48;2;21;21;21m▌[38;2;28;25;32;48;2;89;64;149m▌[38;2;134;92;236;48;2;135;94;236m▌[38;2;136;94;237;48;2;136;94;236m▌[38;2;137;93;235;48;2;113;76;193m▌[38;2;103;70;173;48;2;55;42;82m▌[38;2;130;89;228;48;2;51;39;76m▄[38;2;135;93;237;48;2;126;86;224m▄[38;2;136;90;237;48;2;84;61;139m▌[38;2;90;65;152;48;2;23;22;22m▄[38;2;134;93;236;48;2;71;53;114m▄[38;2;135;92;236;48;2;132;90;231m▄[38;2;138;91;240;48;2;48;38;70m▌[38;2;107;75;185;48;2;28;25;30m▄[38;2;134;92;235;48;2;101;72;171m▄[38;2;134;91;236;48;2;136;90;239m▌[38;2;53;41;82;48;2;22;21;20m▌[38;2;22;22;22;48;2;22;22;23m▌[38;2;22;22;23;48;2;22;21;22m▌[38;2;21;21;21;48;2;21;20;24m▌[38;2;150;103;238;48;2;131;93;240m▌[38;2;133;94;240;48;2;132;93;239m▄[38;2;133;93;238;48;2;133;90;239m▌[38;2;56;40;90;48;2;92;59;155m▌[38;2;21;22;22;48;2;23;22;29m▄[38;2;23;23;23;48;2;22;22;22m▄[38;2;23;23;24;48;2;22;22;23m▄[48;2;22;22;22m▄[38;2;23;23;26;48;2;50;41;72m▌[38;2;59;43;102;48;2;89;63;158m▄[38;2;62;43;108;48;2;88;61;157m▄[38;2;74;51;131;48;2;55;39;93m▌[38;2;84;53;138;48;2;26;24;33m▌[38;2;20;21;21;48;2;19;19;18m▌[38;2;112;79;172;48;2;133;94;239m▌[38;2;132;93;240;48;2;132;94;240m▌[38;2;133;94;240;48;2;133;92;238m▌[38;2;128;86;232;48;2;39;31;55m▌[38;2;90;61;152;48;2;33;30;41m▌[38;2;45;38;62;48;2;21;22;22m▄[38;2;45;38;61;48;2;22;22;22m▄[38;2;45;37;61m▄[38;2;110;81;168;48;2;20;20;22m▄[38;2;137;96;239;48;2;126;88;215m▄[38;2;133;92;239;48;2;132;93;240m▄[38;2;126;85;225;48;2;132;91;237m▄[38;2;67;47;112;48;2;81;54;141m▌[38;2;23;23;29;48;2;21;21;22m▌[38;2;21;21;21;48;2;57;42;83m▌[38;2;140;98;240;48;2;132;93;241m▌[38;2;132;94;241;48;2;133;94;242m▌[38;2;133;93;241;48;2;133;92;240m▌[38;2;115;79;211;48;2;37;28;52m▌[38;2;63;43;102;48;2;22;22;22m▌[38;2;23;23;23;48;2;22;22;23m▄[38;2;23;22;23m▄[38;2;22;21;23;48;2;21;20;19m▌[38;2;106;79;163;48;2;134;93;240m▌[38;2;133;94;241;48;2;132;93;240m▄[38;2;132;93;240;48;2;131;91;237m▌[38;2;130;89;237;48;2;33;22;40m▌[38;2;82;56;149;48;2;21;21;19m▌[38;2;21;21;21;48;2;21;20;21m▌[38;2;45;34;59;48;2;142;100;241m▌[38;2;131;93;242;48;2;132;94;241m▌[38;2;132;94;242;48;2;133;93;240m▌[38;2;132;92;238;48;2;78;53;143m▌[38;2;74;48;122;48;2;37;32;56m▌[38;2;22;22;22;48;2;23;23;23m▌[38;2;24;24;24m▄[38;2;23;23;23;48;2;23;22;23m▌[38;2;20;20;20;48;2;23;22;29m▄[38;2;142;100;226;48;2;131;93;240m▌[38;2;132;93;239;48;2;132;93;238m▌[38;2;132;92;237;48;2;132;91;235m▌[38;2;104;71;185;48;2;59;39;93m▌[38;2;49;38;75;48;2;21;20;20m▌[38;2;23;21;23;48;2;95;71;142m▌[38;2;139;97;237;48;2;48;39;64m▄[38;2;136;95;237;48;2;72;56;105m▄[38;2;136;96;234;48;2;134;93;238m▌[38;2;134;92;238;48;2;99;69;172m▌[38;2;71;52;123;48;2;44;36;69m▌[38;2;23;23;25;48;2;44;35;71m▄[38;2;31;28;41;48;2;23;22;22m▌[38;2;23;23;24;48;2;22;21;21m▄[38;2;22;22;22;48;2;25;24;29m▌[48;2;46;36;73m▄[38;2;49;38;78;48;2;106;76;190m▄[38;2;136;94;241;48;2;131;91;237m▄[38;2;133;94;239;48;2;128;89;227m▄[38;2;134;95;237;48;2;57;45;88m▄[38;2;137;94;235;48;2;47;38;62m▄[38;2;68;50;107;48;2;28;26;32m▄[38;2;22;22;22;48;2;22;22;22m▄[48;2;22;22;23m▄[38;2;22;22;23m▄[38;2;22;22;22m▄[48;2;22;22;22m▄[38;2;21;21;22;48;2;21;21;22m▄[38;2;21;21;21;48;2;21;21;21m▄▄[0m
[38;2;21;21;21;48;2;21;21;21m▄▄[48;2;21;22;22m▌[38;2;21;22;22;48;2;22;22;22m▌[38;2;22;22;22m▄▄[38;2;22;22;23m▄[38;2;22;22;22m▄[38;2;22;21;22;48;2;22;21;20m▌[38;2;41;33;54;48;2;134;91;239m▌[38;2;135;92;235;48;2;135;93;236m▄[38;2;119;81;205m▄[38;2;51;39;75;48;2;135;91;234m▄[38;2;65;48;98;48;2;111;76;187m▄[38;2;65;48;103;48;2;132;90;231m▄[38;2;68;51;110;48;2;135;93;236m▄[38;2;134;92;235m▄[38;2;134;93;236m▌[38;2;135;92;235;48;2;131;89;229m▌[38;2;52;40;77;48;2;135;92;236m▄[38;2;61;45;92;48;2;120;81;207m▄[38;2;62;46;97;48;2;120;83;209m▄[38;2;50;38;75;48;2;133;92;234m▄[38;2;129;87;226;48;2;134;90;235m▄[38;2;121;80;208;48;2;26;25;30m▌[38;2;22;22;22;48;2;22;22;23m▌[38;2;23;22;23m▌[38;2;22;21;22;48;2;22;20;25m▌[38;2;147;101;238;48;2;131;93;239m▌[38;2;132;94;238;48;2;133;94;239m▄[38;2;133;93;238;48;2;134;91;240m▌[38;2;57;40;90;48;2;102;64;170m▌[38;2;20;21;22;48;2;22;22;22m▌[38;2;22;22;23;48;2;23;23;23m▄[38;2;23;23;24;48;2;23;23;24m▄▄[38;2;23;23;23;48;2;23;23;23m▄[38;2;22;22;23m▄[48;2;22;23;23m▄[38;2;22;23;23;48;2;23;23;24m▌[38;2;23;23;24;48;2;23;22;23m▌[38;2;22;22;23;48;2;21;21;20m▌[38;2;111;79;170;48;2;133;95;238m▌[38;2;132;95;240;48;2;133;95;240m▌[38;2;133;94;239m▄[48;2;134;94;239m▄[38;2;133;93;240;48;2;135;94;240m▄[38;2;133;95;240;48;2;135;95;241m▄▄[38;2;132;94;239;48;2;134;94;240m▄[38;2;133;93;238;48;2;133;92;238m▌[38;2;68;49;111;48;2;123;86;223m▄[38;2;53;40;83;48;2;112;77;198m▄[38;2;70;47;115;48;2;52;38;87m▄[38;2;23;23;26;48;2;55;41;90m▄[38;2;22;22;24;48;2;22;22;22m▌[38;2;21;21;22;48;2;60;45;85m▌[38;2;141;99;241;48;2;132;94;241m▌[38;2;132;94;241;48;2;133;95;241m▌[38;2;133;95;241;48;2;133;93;239m▌[38;2;114;78;207;48;2;38;28;54m▌[38;2;65;43;103;48;2;22;22;22m▌[38;2;23;22;23;48;2;23;23;23m▄[48;2;23;22;23m▄[48;2;21;20;20m▌[38;2;106;79;164;48;2;134;94;241m▌[38;2;133;95;241;48;2;133;95;241m▄[38;2;133;94;241;48;2;132;92;238m▌[38;2;130;90;237;48;2;34;23;44m▌[38;2;82;55;149;48;2;22;22;20m▌[38;2;22;21;22;48;2;22;21;22m▄[38;2;46;35;61;48;2;142;101;241m▌[38;2;132;94;241;48;2;132;94;241m▄[38;2;133;94;241;48;2;133;93;240m▌[38;2;133;92;238;48;2;79;54;144m▌[38;2;74;48;123;48;2;38;32;56m▌[38;2;22;22;22;48;2;23;23;23m▌[38;2;23;23;24;48;2;23;24;24m▄[38;2;23;23;23;48;2;23;22;23m▌[38;2;22;22;22;48;2;18;19;18m▌[38;2;142;101;226;48;2;131;94;240m▌[38;2;131;93;240;48;2;132;93;239m▄[38;2;132;92;238;48;2;132;90;236m▌[38;2;104;70;184;48;2;64;41;97m▌[38;2;49;38;75;48;2;21;20;21m▌[38;2;29;25;34;48;2;117;81;188m▌[38;2;74;52;121;48;2;132;91;234m▄[38;2;96;68;165;48;2;132;93;236m▄[38;2;133;92;238;48;2;133;93;237m▄[38;2;134;91;238;48;2;83;59;144m▌[38;2;39;32;61;48;2;22;22;23m▌[38;2;22;22;23;48;2;23;23;23m▄[38;2;23;23;23;48;2;23;23;24m▄[48;2;23;24;24m▄[38;2;23;23;24m▄[38;2;23;23;23;48;2;22;22;23m▌[38;2;23;22;25;48;2;77;57;119m▌[38;2;141;99;241;48;2;132;94;239m▌[38;2;133;91;237m▄[38;2;84;61;143;48;2;132;93;237m▄[38;2;73;53;122;48;2;131;91;235m▄[38;2;57;42;90;48;2;76;53;127m▄[38;2;21;21;21;48;2;22;22;22m▌[38;2;22;22;23m▄[48;2;22;22;23m▄▄[38;2;22;22;22;48;2;22;22;22m▄[48;2;21;21;22m▌[38;2;21;21;22m▄[38;2;21;21;21;48;2;21;21;21m▄[0m
[38;2;21;21;21;48;2;21;21;21m▄[38;2;21;21;22m▄[48;2;21;22;22m▌[38;2;22;22;22;48;2;22;22;22m▄[48;2;22;22;23m▌[38;2;22;22;23m▄▄[38;2;22;21;22;48;2;22;22;22m▄[38;2;22;21;21;48;2;20;19;16m▌[38;2;96;67;164;48;2;134;92;237m▌[38;2;135;92;236;48;2;136;91;237m▌[38;2;105;72;178;48;2;67;49;108m▌[38;2;20;20;19;48;2;96;68;160m▌[38;2;121;82;211;48;2;134;91;236m▄[38;2;126;84;218;48;2;88;61;146m▌[38;2;21;21;19;48;2;76;54;122m▌[38;2;100;69;170;48;2;132;88;229m▌[38;2;97;66;162;48;2;135;91;234m▄[38;2;112;76;192;48;2;91;61;152m▌[38;2;33;28;40;48;2;45;36;64m▌[38;2;110;76;192;48;2;132;90;229m▄[38;2;112;75;192;48;2;134;90;231m▄[38;2;48;38;72;48;2;35;29;45m▌[38;2;97;67;164;48;2;127;86;223m▌[38;2;136;89;235;48;2;28;26;33m▌[38;2;22;22;22;48;2;22;22;23m▄[38;2;22;22;23m▄[38;2;22;21;22;48;2;24;23;27m▌[38;2;148;102;236;48;2;131;92;238m▌[38;2;132;92;238;48;2;132;94;238m▄[38;2;132;93;237;48;2;133;91;239m▌[38;2;73;52;121;48;2;106;68;175m▌[38;2;30;27;39;48;2;20;21;21m▄[38;2;20;20;20;48;2;21;21;22m▄[38;2;21;21;21;48;2;22;22;23m▄[38;2;22;21;22;48;2;24;23;27m▌[38;2;94;69;152;48;2;39;34;49m▄[38;2;135;95;238;48;2;78;58;118m▄[38;2;133;93;239m▄[38;2;106;74;187;48;2;64;49;93m▄[38;2;35;29;48;48;2;22;22;22m▄[38;2;21;21;22;48;2;20;21;20m▌[38;2;113;80;169;48;2;135;95;237m▌[38;2;134;94;239;48;2;133;94;239m▄[48;2;134;93;236m▌[38;2;130;87;229;48;2;34;28;50m▌[38;2;69;47;118;48;2;45;33;71m▌[38;2;38;30;55;48;2;52;37;85m▄[38;2;68;51;112;48;2;111;78;199m▄[38;2;106;76;188;48;2;132;94;238m▄[38;2;132;93;238;48;2;133;93;238m▌[38;2;133;93;238;48;2;127;88;225m▄[38;2;120;83;212;48;2;65;49;109m▄[38;2;54;42;84;48;2;22;23;22m▌[38;2;23;23;23;48;2;22;23;23m▄[38;2;22;22;23;48;2;22;22;23m▄[38;2;21;21;22;48;2;61;46;86m▌[38;2;141;99;238;48;2;133;94;240m▌[38;2;133;94;239;48;2;132;95;240m▄[38;2;133;95;239;48;2;133;93;238m▌[38;2;118;81;213;48;2;66;46;105m▌[38;2;70;48;113;48;2;27;25;35m▌[38;2;21;21;21;48;2;22;22;22m▄[38;2;20;20;21;48;2;22;21;22m▄[38;2;63;48;96;48;2;21;20;21m▄[38;2;114;83;188;48;2;133;94;241m▌[38;2;133;94;240;48;2;133;95;241m▄[38;2;132;93;240;48;2;131;91;237m▌[38;2;131;89;236;48;2;36;26;47m▌[38;2;89;57;153;48;2;22;22;20m▌[38;2;22;21;22;48;2;22;21;22m▄[38;2;46;35;61;48;2;139;98;237m▌[38;2;132;93;241;48;2;133;94;241m▌[38;2;134;94;241;48;2;134;93;240m▌[38;2;133;91;238;48;2;92;64;165m▌[38;2;89;56;148;48;2;38;33;54m▌[38;2;21;21;21;48;2;22;22;22m▄[48;2;23;23;23m▄[38;2;20;20;20;48;2;22;21;22m▄[38;2;85;64;137;48;2;24;23;28m▄[38;2;139;98;237;48;2;132;93;240m▌[38;2;132;93;239;48;2;131;93;240m▄[38;2;131;92;238;48;2;131;89;235m▌[38;2;102;69;180;48;2;67;44;107m▌[38;2;51;40;75;48;2;22;22;22m▌[38;2;23;23;23;48;2;33;30;45m▄[38;2;22;22;22;48;2;55;39;87m▄[38;2;49;37;72;48;2;89;65;142m▌[38;2;128;90;221;48;2;133;94;239m▌[38;2;133;95;239;48;2;133;93;239m▄[48;2;127;90;220m▄[38;2;135;95;237;48;2;55;45;80m▄[38;2;121;87;203;48;2;21;22;21m▄[38;2;124;87;204;48;2;21;21;21m▄[38;2;127;90;211;48;2;28;26;32m▄[38;2;135;95;238;48;2;77;58;115m▄[38;2;132;94;229;48;2;133;95;238m▌[38;2;134;95;238;48;2;134;94;238m▌[38;2;134;93;238;48;2;100;71;172m▌[38;2;64;49;105;48;2;46;36;70m▌[38;2;22;22;22;48;2;53;39;84m▄[38;2;23;23;23;48;2;48;38;73m▄[38;2;22;23;23;48;2;23;23;23m▌[38;2;23;23;23m▄▄[38;2;22;22;23;48;2;22;22;23m▄[38;2;22;22;22;48;2;22;22;22m▄[48;2;21;21;22m▌[38;2;21;21;22m▄[38;2;21;21;21;48;2;21;21;21m▄[0m
[38;2;21;21;21;48;2;21;21;22m▌[38;2;21;21;22m▄[38;2;21;22;22;48;2;22;22;22m▌[38;2;22;22;22m▄▄▄[38;2;22;21;22m▄[38;2;21;21;22;48;2;96;68;160m▌[38;2;135;93;235;48;2;80;57;131m▄[38;2;135;94;236;48;2;133;92;233m▄[48;2;136;94;237m▌[38;2;135;95;237;48;2;125;86;217m▄[38;2;136;94;238;48;2;91;65;151m▄[38;2;135;93;235;48;2;38;33;50m▄[38;2;136;93;236;48;2;90;62;147m▄[38;2;134;89;231;48;2;92;63;148m▄[38;2;49;37;68;48;2;78;57;126m▌[38;2;86;57;143;48;2;107;71;179m▄[38;2;39;31;49;48;2;107;72;181m▌[38;2;135;92;237;48;2;92;64;152m▄[38;2;135;93;236;48;2;61;47;93m▄[38;2;134;92;236;48;2;66;49;104m▄[38;2;135;93;236;48;2;90;65;151m▄[38;2;135;94;236;48;2;134;92;235m▄[38;2;135;93;236;48;2;109;76;187m▄[38;2;133;89;231;48;2;69;51;112m▄[38;2;21;23;20;48;2;23;22;23m▌[38;2;22;22;22;48;2;24;23;26m▄[38;2;58;43;96;48;2;138;94;232m▄[38;2;114;79;198;48;2;132;92;233m▄[38;2;130;93;226;48;2;132;92;232m▄[38;2;132;93;232;48;2;130;92;230m▌[38;2;132;92;234;48;2;112;78;191m▄[48;2;110;77;185m▄[38;2;133;92;235;48;2;109;77;186m▄[38;2;132;93;235;48;2;111;80;190m▄[38;2;132;92;233;48;2;132;93;236m▄[38;2;131;90;229;48;2;132;93;235m▄[38;2;105;71;181;48;2;130;90;232m▄[38;2;50;37;81;48;2;103;70;181m▄[38;2;97;61;157;48;2;27;25;34m▌[38;2;22;22;22;48;2;21;21;20m▄[38;2;107;75;169;48;2;128;89;220m▌[38;2;130;89;223;48;2;134;94;231m▄[38;2;127;85;219;48;2;132;90;229m▄[38;2;128;83;220;48;2;34;26;41m▌[38;2;87;58;147;48;2;21;22;20m▌[38;2;23;23;23;48;2;22;21;22m▄[48;2;26;25;29m▌[38;2;24;23;27;48;2;69;52;114m▄[38;2;82;58;131;48;2;137;95;235m▌[38;2;130;91;226;48;2;132;93;236m▄[38;2;130;89;228;48;2;131;91;231m▄[48;2;124;85;214m▌[38;2;74;51;128;48;2;43;35;62m▄[38;2;24;23;27;48;2;22;21;22m▌[38;2;22;21;22;48;2;41;34;53m▌[38;2;61;45;100;48;2;133;93;230m▄[38;2;114;80;196;48;2;133;92;234m▄[38;2;130;89;223;48;2;134;94;235m▄[38;2;132;91;228;48;2;135;92;238m▄[38;2;134;92;235;48;2;121;83;210m▄[38;2;134;93;236;48;2;119;84;198m▄[38;2;133;93;236;48;2;120;85;200m▄[38;2;128;90;222;48;2;134;93;235m▌[38;2;132;90;229;48;2;134;93;237m▄[38;2;121;82;210;48;2;133;92;235m▄[38;2;62;45;102;48;2;130;87;227m▄[38;2;87;60;149;48;2;41;32;57m▌[38;2;88;57;140;48;2;22;22;21m▌[38;2;22;22;22;48;2;22;21;22m▌[38;2;47;36;63;48;2;134;94;227m▌[38;2;128;88;223;48;2;130;92;231m▄[48;2;132;93;235m▄[38;2;132;91;230;48;2;133;92;237m▄[38;2;133;91;233;48;2;123;86;212m▌[48;2;110;78;184m▄[38;2;132;92;232;48;2;109;77;183m▄[38;2;132;92;233;48;2;111;79;189m▄[38;2;132;93;235;48;2;132;93;236m▄[38;2;131;91;231;48;2;132;93;234m▄[38;2;86;58;150;48;2;132;92;233m▄[38;2;48;36;77;48;2;97;67;169m▄[38;2;47;36;69;48;2;66;45;110m▄[38;2;22;23;22;48;2;36;31;47m▄[38;2;23;23;23;48;2;23;23;23m▄[48;2;25;24;29m▄[38;2;52;40;80;48;2;117;80;196m▄[38;2;103;69;176;48;2;132;92;232m▄[38;2;83;56;143;48;2;133;92;234m▄[38;2;53;41;84;48;2;110;79;194m▄[38;2;85;60;148;48;2;133;94;237m▄[38;2;132;92;232;48;2;134;95;238m▄[38;2;134;94;235;48;2;135;95;239m▄[38;2;127;89;219;48;2;134;94;237m▄[38;2;52;36;86;48;2;129;90;229m▄[38;2;58;41;96;48;2;115;82;201m▄[38;2;101;69;173;48;2;131;92;231m▄[38;2;87;59;150;48;2;132;91;231m▄[38;2;45;34;71;48;2;94;65;158m▄[38;2;36;30;51;48;2;22;22;22m▌[38;2;22;22;22;48;2;22;22;23m▄[38;2;22;22;23;48;2;22;23;23m▄[38;2;22;23;23;48;2;23;23;23m▄[38;2;22;22;23;48;2;22;23;23m▄[38;2;22;22;22m▄[48;2;22;22;22m▄[38;2;21;21;22;48;2;21;21;22m▄[38;2;21;21;21m▄[48;2;21;21;21m▄[0m
[38;2;21;21;21;48;2;21;21;22m▌[38;2;21;22;22m▌[48;2;22;22;22m▌[38;2;22;22;22m▄▄▄[48;2;21;21;21m▄[38;2;20;21;22;48;2;80;58;132m▌[38;2;45;34;66;48;2;134;91;236m▄[38;2;44;34;66;48;2;134;92;236m▄[38;2;44;34;65m▄[48;2;134;92;237m▄[38;2;44;34;66;48;2;135;93;237m▄[38;2;44;33;65m▄[38;2;44;34;65;48;2;135;92;236m▄[48;2;135;92;237m▄[38;2;44;34;66;48;2;134;90;236m▄[38;2;44;34;65;48;2;116;79;201m▄[48;2;133;90;235m▄[38;2;43;34;65;48;2;134;92;237m▄[38;2;44;33;65;48;2;135;93;238m▄[38;2;44;34;65;48;2;134;92;236m▄[48;2;133;92;235m▄▄[38;2;45;34;66;48;2;133;91;234m▄[38;2;38;32;52;48;2;129;86;225m▄[38;2;21;22;20;48;2;23;23;23m▌[38;2;23;23;23;48;2;23;22;23m▄[48;2;38;31;56m▄[38;2;36;32;50;48;2;81;57;140m▄[38;2;69;50;119;48;2;73;53;119m▄[48;2;71;51;116m▄[48;2;70;51;117m▄[38;2;70;50;120;48;2;70;50;117m▄[38;2;70;51;121;48;2;71;51;118m▄[48;2;71;52;117m▄[38;2;68;49;117;48;2;71;51;117m▄[38;2;65;46;113;48;2;71;50;117m▄[38;2;53;39;87;48;2;64;46;106m▌[38;2;21;22;22;48;2;62;44;103m▄[38;2;22;22;23;48;2;33;28;41m▄[48;2;22;22;22m▄[38;2;59;45;93;48;2;71;52;119m▌[38;2;69;49;117;48;2;69;50;112m▄[38;2;70;50;118;48;2;67;48;109m▄[38;2;68;49;115;48;2;45;34;67m▄[38;2;73;51;117;48;2;22;22;21m▌[38;2;22;22;22;48;2;23;23;23m▌[38;2;23;23;23m▄▄[38;2;30;28;36;48;2;82;61;133m▌[38;2;70;51;120;48;2;65;46;107m▄[38;2;72;51;121;48;2;71;51;114m▄[38;2;70;50;121;48;2;62;44;103m▄[38;2;56;42;89;48;2;78;53;130m▌[38;2;26;24;31;48;2;22;23;23m▌[38;2;23;23;23;48;2;23;23;24m▌[38;2;23;24;24;48;2;32;29;44m▄[38;2;29;27;35;48;2;80;59;140m▄[38;2;67;49;116;48;2;70;50;117m▄[38;2;69;50;118;48;2;71;52;115m▄[38;2;68;49;119;48;2;72;52;116m▄[38;2;67;48;116;48;2;72;52;117m▄[38;2;67;48;115;48;2;73;52;118m▄[38;2;69;49;117;48;2;73;53;118m▄[38;2;71;50;118;48;2;66;47;111m▌[38;2;67;47;116;48;2;62;43;102m▄[38;2;25;24;29;48;2;69;51;121m▄[38;2;23;23;23;48;2;41;32;61m▄[48;2;22;23;23m▌[38;2;22;22;23;48;2;22;22;23m▄[38;2;28;26;32;48;2;76;57;128m▌[38;2;70;51;120;48;2;64;47;105m▄[38;2;68;49;118;48;2;69;50;112m▄[38;2;67;49;118;48;2;72;51;116m▄[38;2;68;48;119;48;2;72;51;115m▄[38;2;68;48;118;48;2;72;51;116m▄[38;2;69;49;120;48;2;72;52;118m▄[38;2;69;50;120;48;2;72;52;116m▄[38;2;69;49;118;48;2;73;53;118m▄[38;2;67;48;116;48;2;71;51;115m▄[38;2;36;32;49;48;2;79;56;128m▄[38;2;23;23;23;48;2;46;36;69m▄[38;2;22;23;23;48;2;22;22;23m▌[38;2;22;22;22m▄[48;2;22;23;23m▄[48;2;23;23;23m▄[38;2;22;22;23;48;2;25;24;26m▄[38;2;23;23;23;48;2;52;40;80m▄[38;2;22;23;23;48;2;57;42;89m▄[38;2;26;25;30;48;2;21;21;22m▌[38;2;22;22;23;48;2;65;48;100m▄[38;2;61;43;103;48;2;126;88;219m▄[38;2;58;39;92;48;2;128;89;225m▄[38;2;57;38;90;48;2;119;81;204m▄[38;2;89;61;145;48;2;27;24;37m▌[38;2;22;22;23;48;2;27;24;33m▄[38;2;22;23;23;48;2;46;36;74m▄[38;2;22;22;23;48;2;51;39;82m▄[48;2;27;26;30m▄[38;2;22;22;22;48;2;22;22;22m▄▄▄[48;2;22;22;23m▄[48;2;22;22;22m▄[38;2;21;21;22m▄[48;2;21;21;22m▄[38;2;21;21;21;48;2;21;21;21m▄▄▄[0m
[38;2;21;21;21;48;2;21;21;21m▄[38;2;21;21;22;48;2;21;21;22m▄[48;2;21;22;22m▌[38;2;21;22;22;48;2;22;22;22m▄[38;2;22;22;22m▄▄▄[38;2;22;22;23m▄[38;2;22;23;23;48;2;22;22;23m▄[38;2;23;23;23m▄▄▄▄▄[48;2;22;22;22m▄[38;2;22;23;23m▄[38;2;23;23;23m▄▄▄▄▄[38;2;22;23;23;48;2;22;22;23m▄[48;2;22;22;22m▄[48;2;22;22;23m▄▄[38;2;22;22;23;48;2;22;22;22m▌[38;2;22;22;22;48;2;22;22;23m▄[38;2;22;22;23;48;2;22;23;23m▄[38;2;22;23;23;48;2;23;23;23m▄[38;2;22;22;23;48;2;22;23;23m▄▄▄[38;2;22;23;23;48;2;22;22;23m▌[38;2;22;22;23m▄▄[48;2;22;23;23m▄▄[38;2;22;22;22;48;2;22;22;23m▄▄▄▄[38;2;21;22;22;48;2;22;22;22m▄[38;2;22;22;22m▄▄[38;2;22;22;23;48;2;22;23;23m▌▄[38;2;22;22;22;48;2;22;22;23m▄▄[38;2;22;22;23;48;2;23;23;23m▄[38;2;23;23;23m▄▄[38;2;22;23;23m▄[38;2;22;22;23m▄[38;2;22;22;22m▄▄[48;2;22;23;23m▄▄[38;2;22;23;23;48;2;23;23;23m▄[38;2;23;23;23;48;2;23;23;24m▄[48;2;23;23;23m▄[48;2;22;23;23m▄▄▄[38;2;22;23;23;48;2;22;22;23m▌[38;2;22;22;23;48;2;22;23;23m▌[48;2;22;22;23m▄[38;2;22;22;22m▄▄▄▄[38;2;22;22;23;48;2;22;23;23m▄▌[48;2;23;23;23m▄[48;2;22;23;23m▄[48;2;23;23;23m▄[48;2;22;23;23m▌[38;2;23;23;23;48;2;23;23;23m▄[48;2;22;23;23m▌[38;2;22;22;23;48;2;22;22;23m▄[38;2;22;22;22m▄▄[48;2;22;23;23m▄[48;2;22;22;23m▄[38;2;21;22;22;48;2;22;22;22m▄[48;2;21;22;22m▄[48;2;21;21;22m▄[38;2;22;22;22;48;2;21;22;22m▄[48;2;22;22;22m▄[48;2;22;22;23m▄▄▄▄[48;2;22;22;22m▄[48;2;21;21;21m▄[38;2;21;22;22m▄[38;2;21;21;22;48;2;22;22;22m▄▄▄[48;2;21;22;22m▄[48;2;21;21;22m▄[38;2;21;22;22m▄[38;2;21;21;22;48;2;21;22;22m▄[48;2;22;22;22m▄▄[48;2;21;21;22m▄[38;2;21;21;21m▄[48;2;21;21;21m▄[38;2;20;21;21m▄[38;2;20;20;21m▄[48;2;20;20;21m▄[0m
[38;2;21;21;21;48;2;21;21;21m▄▄[38;2;20;21;21m▄[38;2;21;21;21;48;2;21;21;22m▄▄[48;2;21;22;22m▄[38;2;21;21;22;48;2;22;22;22m▄[38;2;21;22;22m▄▄[38;2;22;22;22;48;2;22;22;23m▄[48;2;22;23;23m▄▄▄[38;2;22;22;23m▄[38;2;22;22;22m▄▄▄▄▄▄▄[48;2;22;22;23m▄▄[48;2;22;22;22m▄▄[38;2;21;22;22m▄▄[38;2;21;21;22m▄▄▄▄[38;2;21;22;22m▄▄▄▄[48;2;21;21;22m▌[38;2;21;21;22m▄▄▄▄▄[38;2;21;22;22;48;2;21;22;22m▄[38;2;21;21;22m▄▄[48;2;22;22;22m▄▄[38;2;21;21;21;48;2;21;22;22m▄[38;2;21;21;22m▄[48;2;22;22;22m▄▄▄▄[48;2;21;22;22m▄[38;2;21;21;21m▄▄▄▄[38;2;21;21;22;48;2;22;22;22m▄[38;2;21;22;22;48;2;22;22;23m▄▄▄[38;2;22;22;22m▄[48;2;22;22;22m▄[38;2;21;22;22m▄[38;2;21;21;22;48;2;21;22;22m▄[38;2;21;21;21m▄[48;2;21;21;22m▄[48;2;21;21;21m▄[48;2;21;21;22m▄[48;2;21;22;22m▄[38;2;21;21;22m▄[38;2;21;22;22;48;2;22;22;22m▄[48;2;21;22;22m▄▄[48;2;21;21;22m▌[38;2;21;21;22;48;2;21;22;22m▌[38;2;22;22;22;48;2;22;22;22m▄[38;2;21;22;22m▄[38;2;21;21;22;48;2;21;22;22m▄[48;2;22;22;22m▄[38;2;21;21;21;48;2;21;22;22m▄[48;2;21;21;22m▌[38;2;21;21;22m▄▄[38;2;21;21;21m▄▄[38;2;21;21;22;48;2;21;22;22m▄▄▄[38;2;21;22;22;48;2;22;22;22m▄▄▄[38;2;21;21;22m▄▄[38;2;21;21;21;48;2;21;21;22m▄[48;2;21;21;21m▄▄▄▄▄▄▄▄▄[38;2;20;21;21m▄[38;2;20;20;21;48;2;20;20;21m▄▄▄▄▄[0m
[38;2;21;21;21;48;2;21;21;21m▄[48;2;20;20;21m▌[38;2;20;20;21m▄▄[48;2;20;21;21m▄[48;2;21;21;21m▄▄▄[38;2;20;21;21m▄[38;2;21;21;21;48;2;21;21;22m▄▄[48;2;21;22;22m▄▄▄▄▄▄▄▄▄▄▄▄[48;2;21;21;22m▄▄▄[38;2;20;21;21;48;2;21;21;21m▄▄[38;2;21;21;21m▄▄[48;2;21;21;22m▄▄▄[48;2;21;22;22m▄▄[48;2;21;21;22m▄▄[38;2;21;21;22m▄▄[38;2;21;21;21m▄▄▄▄▄▄[48;2;21;21;21m▄▄▄▄▄[48;2;21;21;22m▄▄▄▄[48;2;21;21;21m▄▄▄▄[48;2;21;21;22m▄▄[48;2;21;22;22m▄▄▄▄[48;2;21;21;22m▄[48;2;21;21;21m▄▄[38;2;20;21;21m▄▄[38;2;21;21;21m▄▄[48;2;21;21;22m▄▄▄[38;2;21;21;22m▄▄[48;2;21;22;22m▄[38;2;21;21;21m▄[48;2;21;21;22m▄▄▄▄▄▄▄▄[48;2;21;21;21m▄[48;2;21;21;22m▄▄▄▄▄[38;2;21;21;22m▄▄▄[38;2;21;21;21m▄▄[48;2;21;21;21m▄▄▄[38;2;20;21;21m▄▄▄[38;2;20;20;21m▄[48;2;20;21;21m▄▄[48;2;20;20;21m▄▄▄▄[0m
[38;2;21;21;21;48;2;21;21;21m▄[48;2;20;21;21m▌[38;2;20;20;21;48;2;20;20;21m▄▄▄▄▄▄▄▄▄▄▄▄▄▄▄▄▄▄▄▄▄▄▄▄▄▄▄▄▄▄[48;2;20;21;21m▌[38;2;20;21;21m▄[38;2;21;21;21;48;2;21;21;21m▄▄▄▄▄▄▄▄[48;2;20;21;21m▌[38;2;20;21;21m▄▄[38;2;20;20;21m▄[48;2;20;20;21m▄▄▄[48;2;20;21;21m▄▄[38;2;20;21;21m▄▄▄▄[48;2;20;20;21m▄[38;2;20;20;21m▄▄[48;2;20;21;21m▄[48;2;20;20;21m▄[48;2;20;21;21m▄▄▄[48;2;20;20;21m▄▄▄▄▄▄▄[48;2;20;21;21m▌[38;2;20;21;21;48;2;21;21;21m▌[38;2;21;21;21m▄▄▄▄▄▄▄▄[38;2;20;21;21m▄[48;2;20;21;21m▄▄▄▄▄[38;2;20;20;21m▄[38;2;20;21;21m▄▄▄[48;2;21;21;21m▄▄▄▄▄▄[38;2;21;21;21m▄▄[48;2;20;21;21m▌[38;2;20;21;21m▄[48;2;20;20;21m▌[38;2;20;20;21m▄▄▄▄▄▄[38;2;20;20;20;48;2;20;20;20m▄[38;2;20;20;21m▄[48;2;20;20;21m▄[0m
[?25h