[?25l[0m[7m[38;2;20;20;20m [0m[38;2;0;0;0;48;2;20;20;20m                                                                                                                       [0m
[7m[38;2;20;20;20m [0m[38;2;0;0;0;48;2;20;20;20m                                                                                                                       [0m
[7m[38;2;20;20;20m [0m[38;2;0;0;0;48;2;20;20;20m                                                                                                                       [0m
[7m[38;2;20;20;20m [0m[38;2;0;0;0;48;2;20;20;20m            [38;2;91;66;157m▃[38;2;122;84;217m▃[38;2;104;74;181;48;2;50;40;77m▝[38;2;53;43;84;48;2;121;84;215m▂[38;2;78;60;135;48;2;25;24;30m▘[38;2;104;74;180;48;2;27;25;34m▃[38;2;100;73;179;48;2;22;22;23m▖[48;2;20;20;20m                                                                                                    [0m
[7m[38;2;20;20;20m [0m[38;2;0;0;0;48;2;20;20;20m           [38;2;115;80;199;48;2;33;29;46m▅[38;2;52;41;85;48;2;125;86;220m▁[38;2;39;33;56;48;2;133;90;235m▃[38;2;20;20;20;48;2;122;84;215m▁[38;2;51;41;79;48;2;132;89;232m▃[38;2;86;64;147;48;2;22;21;23m▘[38;2;22;22;24;48;2;75;55;124m▇[38;2;20;20;20;48;2;24;23;28m┈[48;2;20;20;20m                                                                                                    [0m
[7m[38;2;20;20;20m [0m[38;2;0;0;0;48;2;20;20;20m          [38;2;108;77;189;48;2;25;24;28m▅[38;2;110;77;191;48;2;55;44;86m▅[38;2;104;75;179;48;2;32;29;41m▅[38;2;72;55;120;48;2;23;22;25m▏[48;2;20;20;20m              [38;2;20;20;20;48;2;21;21;21m▌[48;2;20;20;20m [38;2;21;21;21m╎[38;2;92;68;136;48;2;21;21;20m▃[38;2;131;94;202;48;2;21;21;21m▃[38;2;134;96;202m▃[38;2;135;96;201m▃[38;2;134;96;202m▃[38;2;134;96;201;48;2;20;20;21m▃[38;2;135;97;202;48;2;21;21;21m▃[38;2;134;96;203m▃[38;2;132;93;201m▃[38;2;112;83;164;48;2;27;26;32m▂[38;2;21;21;21;48;2;20;20;20m▂╵┙[38;2;21;21;23;48;2;21;21;21m┈[38;2;127;92;187;48;2;27;25;32m▂[38;2;133;95;202;48;2;21;21;21m▃[38;2;134;96;204m▃[38;2;134;96;203m▃[38;2;135;96;203m▃▃[38;2;136;98;204m▃[38;2;134;96;203m▃[38;2;134;95;201m▃[38;2;135;96;201;48;2;21;21;20m▃[38;2;147;104;221;48;2;29;27;33m▂[38;2;20;20;21;48;2;28;26;33m┊[48;2;21;21;21m [38;2;20;20;20m▁╶[38;2;20;21;20m┈[38;2;143;102;214;48;2;28;26;33m▂[38;2;134;93;203;48;2;20;21;21m▃[38;2;137;98;199;48;2;20;20;20m▃[38;2;125;93;185;48;2;20;21;21m▃[38;2;20;21;20;48;2;21;21;21m▎[38;2;20;20;20m╸   [38;2;118;88;178m▃[38;2;135;98;201m▃[38;2;135;97;198m▃[38;2;113;84;167m▃[38;2;20;22;23m▖[38;2;20;20;20m▁[38;2;20;20;21;48;2;50;41;64m▉[38;2;132;95;200;48;2;20;20;21m▃[38;2;132;94;200;48;2;21;21;20m▃[38;2;135;98;200;48;2;21;21;21m▃[38;2;135;97;202m▃[38;2;136;98;201;48;2;20;20;20m▃[38;2;136;98;203m▃[38;2;136;97;203;48;2;21;21;21m▃▃[38;2;135;96;203m▃[38;2;131;95;196;48;2;20;21;21m▃[38;2;99;77;141;48;2;23;22;24m▖[48;2;21;21;21m [38;2;20;20;20m▁▁   [38;2;20;21;20m▁[38;2;54;46;73m▁[38;2;64;53;87;48;2;20;20;21m▁[38;2;19;21;21;48;2;20;20;20m╴[38;2;20;21;20;48;2;21;22;22m▉[38;2;123;87;192;48;2;40;36;53m▆[38;2;141;97;234;48;2;59;49;72m▆[38;2;140;96;235;48;2;56;47;72m▆[38;2;116;83;187;48;2;42;36;66m▌[38;2;37;34;51;48;2;21;21;22m▏[38;2;20;20;20;48;2;20;21;21m▖[38;2;69;58;91m▁[38;2;53;46;72m▁[38;2;20;20;20;48;2;21;21;21m▁      ╹[38;2;21;21;21;48;2;20;20;20m▋   [0m
[7m[38;2;20;20;20m [0m[38;2;0;0;0;48;2;20;20;20m         [38;2;20;20;20;48;2;23;22;25m┈[38;2;79;62;126;48;2;133;90;238m▏[38;2;133;90;240;48;2;134;90;237m┊[38;2;93;67;164;48;2;119;82;210m▗[38;2;102;74;172;48;2;32;28;44m▎[48;2;20;20;20m              [38;2;20;20;20;48;2;20;20;22m▉[38;2;104;77;155;48;2;21;21;22m▗[38;2;23;22;26;48;2;131;92;202m▘[38;2;140;97;238;48;2;111;78;169m▇[38;2;133;91;240;48;2;153;103;241m▇[38;2;137;93;242;48;2;133;91;239m┊[38;2;91;67;160;48;2;134;91;239m▁[38;2;92;66;159m▁[38;2;94;68;160;48;2;135;92;241m▁[38;2;95;68;162;48;2;136;92;242m▁[38;2;135;94;244;48;2;134;91;240m┊[38;2;131;89;239;48;2;152;106;243m▇[38;2;132;91;238;48;2;117;83;181m▇[38;2;26;24;33;48;2;121;86;213m▝[38;2;96;70;164;48;2;20;21;21m▖[38;2;20;20;21;48;2;20;21;20m╴[38;2;20;21;22;48;2;44;34;64m▉[38;2;153;106;239;48;2;144;100;230m┊[38;2;133;90;241;48;2;154;105;243m▇[38;2;132;89;241;48;2;152;103;242m▇[38;2;117;83;212;48;2;135;91;242m▁[38;2;94;68;160m▁[38;2;93;68;161;48;2;136;93;242m▁[38;2;94;69;159;48;2;136;92;241m▁[38;2;93;69;162;48;2;136;93;241m▁[38;2;93;69;166;48;2;136;92;242m▁[38;2;133;90;241;48;2;155;105;243m▇[38;2;131;90;240;48;2;152;103;241m▇[38;2;133;92;238;48;2;70;51;105m▇[38;2;126;88;226;48;2;43;36;63m▄[38;2;69;58;113;48;2;22;22;27m▏[38;2;19;20;20;48;2;21;21;21m▄[38;2;21;21;22;48;2;19;15;31m▉[38;2;117;86;175;48;2;141;96;238m▏[38;2;130;89;240;48;2;152;105;243m▇[38;2;131;89;240;48;2;153;105;244m▇[38;2;135;94;236;48;2;57;42;96m▉[38;2;69;51;120;48;2;39;33;58m╽[38;2;20;21;19;48;2;20;21;21m╸[38;2;20;20;20;48;2;21;21;21m▁ [38;2;21;21;21;48;2;24;22;28m▉[38;2;22;17;39;48;2;144;100;232m▏[38;2;132;89;242;48;2;155;106;243m▇[38;2;132;90;239;48;2;154;106;242m▇[38;2;134;93;235;48;2;46;36;73m▊[38;2;97;75;173;48;2;36;31;55m╻[38;2;19;20;20;48;2;20;20;20m▍[38;2;21;20;23;48;2;113;85;162m▉[38;2;152;106;225;48;2;142;97;238m▏[38;2;132;90;240;48;2;154;105;245m▇[38;2;133;91;241;48;2;152;104;243m▇[38;2;116;83;209;48;2;136;94;241m▁[38;2;89;69;159;48;2;135;93;240m▁[38;2;95;67;161;48;2;135;93;241m▁[38;2;96;69;161;48;2;136;92;241m▁[38;2;95;71;162;48;2;135;92;241m▁[38;2;137;94;242;48;2;133;91;239m┊[38;2;132;90;240;48;2;154;105;245m▇[38;2;132;91;238;48;2;95;67;151m▇[38;2;20;20;22;48;2;115;81;201m▝[38;2;107;82;183;48;2;28;26;35m▁[38;2;21;21;21;48;2;20;20;21m┊[38;2;20;20;20;48;2;21;21;21m▅▖[38;2;21;21;22;48;2;52;44;68m▉[38;2;144;99;227;48;2;51;42;69m▃[38;2;97;70;145;48;2;140;95;235m▘[38;2;126;87;227;48;2;104;77;156m▇[38;2;133;93;228;48;2;39;34;54m▄[38;2;129;91;218;48;2;27;25;35m▆[38;2;138;94;240;48;2;131;91;228m┊[38;2;132;90;239;48;2;131;89;237m▘[38;2;131;89;237;48;2;132;90;239m▃[38;2;128;88;230;48;2;85;64;152m▇[38;2;133;92;233;48;2;46;39;68m▅[38;2;132;92;223;48;2;48;40;66m▄[38;2;133;91;229;48;2;109;80;158m▇[38;2;134;92;236;48;2;81;59;125m▆[38;2;125;90;214;48;2;35;31;49m▃[38;2;20;20;24;48;2;20;21;21m▁[38;2;20;20;20;48;2;21;21;21m▁     [38;2;21;21;21;48;2;20;20;20m▖   [0m
[7m[38;2;20;20;20m [0m[38;2;0;0;0;48;2;20;20;20m         [38;2;23;22;27;48;2;128;90;231m▊[38;2;132;90;237;48;2;133;90;236m┙[38;2;134;91;238;48;2;135;91;236m╵[38;2;129;88;227;48;2;91;63;166m▊[38;2;123;86;217;48;2;25;23;29m▌[48;2;20;20;20m [38;2;56;43;90m▁[38;2;113;80;197;48;2;22;22;24m▃[38;2;65;49;105;48;2;29;27;37m▏[48;2;20;20;20m [38;2;20;20;20;48;2;22;22;25m┈[38;2;109;76;190;48;2;23;22;27m▃[38;2;107;76;183;48;2;20;20;21m▖[48;2;20;20;20m [38;2;46;38;68m▁[38;2;114;79;200;48;2;24;23;28m▃[38;2;85;63;145;48;2;20;20;20m▖  [38;2;20;20;20;48;2;20;20;21m▉[38;2;20;20;23;48;2;140;98;216m▌[38;2;141;97;240;48;2;129;89;239m▏[38;2;129;89;241;48;2;131;89;239m▍[38;2;131;90;238;48;2;127;89;212m▉[38;2;47;37;79;48;2;102;73;184m▅[38;2;94;69;166;48;2;39;33;62m┏[38;2;93;69;169;48;2;24;24;31m━[38;2;92;67;172;48;2;25;24;31m━[38;2;94;70;167m━[38;2;69;53;115;48;2;104;74;190m▅[38;2;143;99;244;48;2;131;89;239m▂[38;2;130;88;242;48;2;131;89;238m▄[38;2;130;87;242m▂[38;2;124;88;220;48;2;48;38;77m▍[38;2;96;76;162;48;2;19;19;21m▎[38;2;20;21;21;48;2;49;37;73m▉[38;2;150;106;222;48;2;136;93;240m▎[38;2;129;89;242;48;2;131;89;241m▘[38;2;131;90;240;48;2;135;88;240m▉[38;2;129;88;231;48;2;30;26;42m▋[38;2;74;56;128;48;2;36;32;54m┳[38;2;85;62;156;48;2;25;25;32m━[38;2;94;68;165;48;2;25;24;32m━[38;2;91;66;163;48;2;25;24;31m━[38;2;81;59;147;48;2;28;27;39m━[38;2;59;46;101;48;2;108;77;191m┓[38;2;126;88;237;48;2;132;90;240m╴[38;2;131;89;241;48;2;131;90;239m▄[38;2;131;90;238;48;2;129;89;237m▅[38;2;34;29;49;48;2;83;64;142m┨[38;2;51;40;83;48;2;19;20;20m▏[38;2;20;21;21;48;2;18;15;30m▉[38;2;117;87;173;48;2;140;96;237m▏[38;2;132;90;239;48;2;131;91;239m▏[38;2;132;90;242;48;2;131;90;238m▁[38;2;133;93;240;48;2;55;46;103m▉[38;2;79;57;144;48;2;41;34;66m┃[38;2;19;20;19;48;2;20;20;20m▖[38;2;20;20;20;48;2;21;21;21m▘ [38;2;21;21;21;48;2;23;23;27m▉[38;2;22;18;39;48;2;139;97;235m▏[38;2;131;89;239;48;2;130;89;241m▖[38;2;131;90;238m▁[38;2;130;90;234;48;2;38;29;55m▊[38;2;108;81;191;48;2;34;29;52m┃[38;2;19;20;19;48;2;20;20;20m▍[38;2;21;20;23;48;2;112;84;162m▉[38;2;152;107;235;48;2;132;91;239m▎[38;2;132;90;240;48;2;131;90;238m▂[38;2;133;91;240;48;2;136;90;238m▉[38;2;127;89;225;48;2;21;19;30m▋[38;2;86;65;157;48;2;42;35;66m━[38;2;96;68;168;48;2;26;24;32m━[38;2;97;73;176;48;2;25;24;32m━[48;2;26;25;32m━[38;2;42;34;68;48;2;82;61;143m▎[38;2;98;70;175;48;2;130;90;233m▏[38;2;130;90;241;48;2;131;90;239m▗[38;2;130;89;241;48;2;131;89;239m╍[38;2;132;91;240;48;2;100;84;171m▉[38;2;71;57;125;48;2;37;32;55m┏[48;2;20;20;20m [38;2;21;21;21m┆[38;2;18;20;21;48;2;22;22;25m┈[38;2;110;76;193;48;2;51;41;76m▝[38;2;77;56;122;48;2;128;88;226m╴[38;2;131;90;241;48;2;130;89;238m▗[38;2;132;90;240;48;2;129;89;234m┊[38;2;43;36;65;48;2;125;86;227m▂[38;2;43;36;69;48;2;123;86;223m▄[38;2;49;40;79;48;2;131;89;236m▅[38;2;40;33;62;48;2;120;83;215m▄[38;2;48;40;81;48;2;120;84;216m▃[38;2;77;56;133;48;2;128;88;233m▂[38;2;130;88;237;48;2;130;90;238m▇[38;2;129;89;239;48;2;131;89;237m▂[38;2;57;44;95;48;2;127;89;232m▗[38;2;43;36;66;48;2;116;86;208m▇[38;2;20;20;20;48;2;28;27;40m┊[48;2;21;21;21m▁  [38;2;21;21;21;48;2;20;20;20m▆[38;2;21;21;20;48;2;21;21;21m╹[38;2;21;21;21;48;2;20;20;20m▆▋   [0m
[7m[38;2;20;20;20m [0m[38;2;0;0;0;48;2;20;20;20m         [38;2;51;40;79;48;2;132;90;229m▊[38;2;134;90;236;48;2;133;90;237m┒[38;2;134;91;238;48;2;135;92;239m▊[38;2;135;92;237;48;2;94;65;173m▊[38;2;125;86;220;48;2;52;40;80m▌[38;2;124;85;220;48;2;38;32;55m▄[38;2;132;91;236;48;2;92;66;161m▇[38;2;134;91;238;48;2;133;90;237m▃[38;2;136;93;237;48;2;46;39;69m▎[38;2;122;84;214;48;2;37;31;51m▄[38;2;133;90;237;48;2;81;59;137m▆[38;2;134;90;237;48;2;134;91;239m▉[38;2;126;87;220;48;2;37;31;52m▌[38;2;115;80;202;48;2;29;26;36m▄[38;2;133;90;235;48;2;88;64;150m▆[38;2;134;90;237;48;2;131;91;240m▊[38;2;123;87;217;48;2;22;21;23m▍[48;2;20;20;20m   [38;2;21;20;24;48;2;141;100;218m▌[38;2;134;89;235;48;2;131;89;240m▏[38;2;130;89;241;48;2;131;89;238m▅[38;2;132;90;239;48;2;123;91;205m▉[38;2;30;24;45;48;2;91;66;154m▌[38;2;21;20;23;48;2;20;20;20m▏ [38;2;21;21;21m▄[38;2;20;20;20;48;2;21;21;21m▅[38;2;21;21;21;48;2;21;21;22m╴[38;2;42;35;63;48;2;119;85;193m▆[38;2;51;40;84;48;2;114;81;203m▆[38;2;50;40;82;48;2;115;81;206m▆[38;2;53;42;89;48;2;83;61;150m▉[38;2;92;70;152;48;2;20;20;22m▎[38;2;20;21;22;48;2;50;37;74m▉[38;2;149;107;223;48;2;136;93;240m▎[38;2;130;89;242;48;2;131;90;240m▍[38;2;133;91;240;48;2;132;90;240m╶[38;2;129;89;231;48;2;39;33;60m▋[38;2;99;74;163;48;2;36;30;52m▌[38;2;123;95;184;48;2;20;20;21m▁[38;2;123;92;182;48;2;20;21;21m▁[38;2;123;92;184m▁[38;2;120;94;188;48;2;24;24;27m▁[38;2;148;104;232;48;2;53;43;77m▄[38;2;142;98;241;48;2;130;89;240m▎[38;2;132;91;239;48;2;131;90;241m▁[38;2;88;68;153;48;2;133;90;240m▁[38;2;28;25;41;48;2;87;67;148m┨[38;2;54;41;88;48;2;19;20;20m▏[38;2;20;21;21;48;2;17;14;29m▉[38;2;119;88;178;48;2;138;94;241m▏[38;2;131;90;243;48;2;131;90;242m▘[38;2;132;90;242;48;2;133;90;243m▌[38;2;133;92;240;48;2;56;47;102m▉[38;2;81;61;145;48;2;42;35;64m┠[38;2;19;21;19;48;2;21;20;21m▍[38;2;20;20;20;48;2;21;21;21m▖╹[38;2;21;21;21;48;2;23;22;27m▉[38;2;23;18;42;48;2;140;97;236m▏[38;2;132;91;243;48;2;132;90;242m▁[38;2;132;91;241;48;2;131;89;238m▅[38;2;131;92;235;48;2;38;29;57m▊[38;2;113;86;200;48;2;35;29;54m┃[38;2;19;20;20;48;2;20;20;20m▍[38;2;21;20;23;48;2;113;85;163m▉[38;2;153;107;238;48;2;131;90;241m▎[38;2;131;90;243m▅[38;2;133;90;241;48;2;137;89;239m▉[38;2;126;89;226;48;2;20;18;29m▋[38;2;96;72;165;48;2;20;19;24m▌[38;2;21;21;19;48;2;21;21;21m▏[38;2;21;21;21;48;2;20;21;21m▇▇[38;2;21;21;19m╻[38;2;44;37;57;48;2;142;99;237m▍[38;2;131;90;244;48;2;131;89;240m▏[38;2;131;89;240;48;2;131;89;238m▂[38;2;132;91;237;48;2;100;82;165m▉[38;2;84;63;148;48;2;46;37;71m┠[38;2;20;20;18;48;2;20;20;20m┈[38;2;147;100;236;48;2;57;45;80m▗[38;2;138;96;235;48;2;36;32;49m▅[38;2;136;93;235;48;2;72;55;104m▅[38;2;131;91;241;48;2;134;92;238m╴[38;2;83;60;140;48;2;132;90;240m▗[38;2;104;74;187;48;2;48;40;77m▘[38;2;26;26;34;48;2;48;40;78m▅[38;2;21;21;22;48;2;61;52;99m▇[38;2;21;21;21;48;2;20;21;18m▇[48;2;21;21;19m▆[38;2;20;21;22;48;2;59;50;94m▇[38;2;29;27;38;48;2;77;61;133m▇[38;2;43;37;67;48;2;104;74;183m▖[38;2;131;89;240;48;2;132;89;241m┊[38;2;132;90;241;48;2;131;90;238m┈[38;2;132;91;235;48;2;54;44;83m▅[38;2;138;94;235;48;2;37;32;50m▅[38;2;133;93;232;48;2;42;36;59m▖[38;2;20;21;20;48;2;21;22;23m┊[48;2;21;21;21m    [38;2;21;21;21;48;2;20;20;20m▁   [0m
[7m[38;2;20;20;20m [0m[38;2;0;0;0;48;2;20;20;20m         [38;2;23;22;26;48;2;128;87;228m▎[38;2;133;90;237;48;2;134;91;237m▍[38;2;135;91;238;48;2;127;87;223m┈[38;2;35;31;48;48;2;133;91;233m▃[38;2;53;42;83;48;2;133;91;232m▅[38;2;43;35;61;48;2;116;80;201m▃[38;2;33;29;45;48;2;132;90;234m▃[38;2;134;90;238;48;2;126;86;222m┊[38;2;134;91;238;48;2;133;90;237m╵[38;2;135;91;237;48;2;134;91;237m┊[38;2;94;69;164;48;2;128;87;224m▁[38;2;36;31;49;48;2;132;90;234m▃[38;2;48;38;72;48;2;132;90;231m▅[38;2;40;34;59;48;2;118;82;207m▃[38;2;32;29;43;48;2;131;90;231m▃[38;2;133;89;238;48;2;127;87;226m┈[38;2;118;82;207;48;2;25;23;29m▊[48;2;20;20;20m  [38;2;20;20;20;48;2;21;21;21m▌[38;2;20;20;23;48;2;138;97;218m▌[38;2;133;89;235;48;2;131;90;240m▏[38;2;132;90;239;48;2;132;91;240m▖[38;2;133;90;241;48;2;125;91;206m▉[38;2;32;26;49;48;2;96;70;162m▌[38;2;19;19;25;48;2;20;20;20m▏[38;2;20;20;20;48;2;21;21;21m╻▖┊[38;2;21;21;21;48;2;20;20;20m▅[48;2;20;21;20m▇[38;2;20;20;20;48;2;20;21;21m▄[38;2;21;21;21;48;2;20;20;20m▅[48;2;20;21;20m▇[48;2;20;20;21m▇[38;2;20;21;21;48;2;49;37;71m▉[38;2;148;106;222;48;2;135;93;239m▎[38;2;129;91;239;48;2;131;90;242m┎[38;2;130;91;238;48;2;132;90;240m─[38;2;132;90;239;48;2;133;91;240m▍[38;2;132;90;241;48;2;139;95;237m▇[38;2;132;91;241;48;2;140;98;238m▇[38;2;132;91;240;48;2;137;96;236m▇[38;2;131;90;240;48;2;141;97;239m▇[38;2;131;89;238;48;2;140;94;236m▇[38;2;130;89;233;48;2;77;54;141m▉[38;2;40;33;61;48;2;128;89;232m▄[38;2;55;44;89;48;2;133;91;237m▅[38;2;91;67;158;48;2;50;41;81m▂[38;2;83;65;141;48;2;25;24;33m▝[38;2;31;28;47;48;2;20;21;21m▏[38;2;20;21;22;48;2;17;14;29m▉[38;2;122;91;179;48;2;139;95;242m▏[38;2;132;90;242;48;2;132;90;240m▃[38;2;132;91;240;48;2;133;91;242m▋[38;2;133;93;240;48;2;53;42;92m▉[38;2;104;70;188;48;2;47;38;76m│[38;2;19;21;19;48;2;21;20;21m▍[38;2;20;20;20;48;2;21;21;21m▘▃[38;2;21;21;21;48;2;23;22;24m▉[38;2;23;18;41;48;2;140;98;235m▏[38;2;132;91;242;48;2;131;91;241m▉[38;2;130;91;241;48;2;132;90;239m▏[38;2;131;92;235;48;2;36;30;58m▊[38;2;111;83;197;48;2;35;29;54m┃[38;2;21;21;21;48;2;20;21;21m┈[38;2;22;21;24;48;2;114;85;167m▉[38;2;153;107;238;48;2;131;90;242m▎[38;2;131;90;242;48;2;131;90;240m▍[38;2;135;90;241;48;2;132;91;241m▗[38;2;127;89;226;48;2;20;18;30m▋[38;2;98;73;167;48;2;20;19;24m▌[38;2;21;21;20;48;2;21;21;21m▎  [38;2;21;21;21;48;2;19;22;20m▊[38;2;44;37;56;48;2;142;99;237m▍[38;2;130;90;244;48;2;130;89;241m▏[38;2;131;89;238m╻[38;2;132;90;239;48;2;100;81;163m▉[38;2;115;82;193;48;2;51;41;81m│[38;2;20;21;21;48;2;21;21;21m┈[38;2;30;25;40;48;2;120;84;198m▎[38;2;23;23;25;48;2;126;86;226m▁[38;2;63;48;105;48;2;128;89;232m▁[38;2;133;90;240;48;2;132;90;240m╴[38;2;131;91;235;48;2;55;40;99m▊[38;2;75;56;129;48;2;29;27;39m▖[38;2;21;21;21;48;2;21;21;22m▇[48;2;21;21;21m    [38;2;22;22;22m▁[38;2;42;34;61;48;2;146;104;229m▊[38;2;148;101;244;48;2;132;91;241m▏[38;2;132;91;240;48;2;131;90;239m▇[38;2;44;38;67;48;2;126;87;229m▁[38;2;21;21;25;48;2;125;88;228m▁[38;2;130;93;233;48;2;65;50;112m▘[38;2;66;53;110;48;2;20;20;23m▏[48;2;21;21;21m   [38;2;20;20;20m┝[38;2;21;21;21;48;2;20;20;20m▘   [0m
[7m[38;2;20;20;20m [0m[38;2;0;0;0;48;2;20;20;20m        [38;2;21;21;22;48;2;70;51;113m▉[38;2;71;53;119;48;2;132;89;234m▘[38;2;134;90;238;48;2;134;91;239m▉[38;2;62;48;101;48;2;121;84;212m▅[38;2;25;23;29;48;2;86;63;146m▋[38;2;133;91;237;48;2;103;73;175m▇[38;2;132;91;235;48;2;100;73;176m▇[38;2;79;59;133;48;2;24;23;28m▍[38;2;41;34;61;48;2;103;73;177m╾[38;2;122;84;216;48;2;134;90;237m▁[38;2;133;91;236;48;2;124;86;215m▉[38;2;54;43;87;48;2;115;80;200m▅[38;2;22;22;24;48;2;90;66;153m▋[38;2;134;91;237;48;2;129;88;229m┈[38;2;130;89;230;48;2;92;65;152m▇[38;2;85;64;146;48;2;28;25;34m▎[38;2;47;38;72;48;2;111;78;194m┑[38;2;131;89;231;48;2;26;24;31m▊[48;2;20;20;20m  [38;2;20;20;20;48;2;21;20;22m▉[38;2;21;20;24;48;2;139;98;219m▌[38;2;132;88;235;48;2;130;89;240m▏[38;2;132;91;241;48;2;132;90;239m▗[38;2;132;90;240;48;2;122;90;204m▉[38;2;30;25;47;48;2;93;68;154m▌[38;2;18;19;20;48;2;19;20;21m╴[38;2;20;21;20;48;2;20;20;20m╱ [38;2;20;20;22m▁[38;2;21;21;23;48;2;30;25;38m▉[38;2;144;102;225;48;2;32;29;41m▄[38;2;137;95;236;48;2;36;32;46m▄[38;2;137;95;235;48;2;35;31;46m▄[38;2;107;77;178;48;2;25;25;30m▖[38;2;20;21;21;48;2;21;21;22m┊[38;2;20;21;22;48;2;51;38;74m▉[38;2;151;108;222;48;2;136;94;239m▎[38;2;132;91;241;48;2;130;90;241m▃[38;2;134;91;241;48;2;132;90;239m▗[38;2;131;90;232;48;2;46;37;75m▋[38;2;54;43;90;48;2;130;90;235m▇[38;2;48;38;78;48;2;133;96;236m▇[38;2;131;90;240;48;2;69;53;118m▝[38;2;90;70;160;48;2;120;84;217m╴[38;2;132;91;241;48;2;131;90;238m╴[38;2;132;90;239;48;2;131;90;236m┈[38;2;68;53;116;48;2;128;89;233m▝[38;2;122;87;218;48;2;43;35;67m▖[38;2;20;21;20;48;2;24;23;28m╴[38;2;21;21;20;48;2;20;20;21m▆[38;2;21;21;21;48;2;20;20;20m▄[38;2;20;21;21;48;2;18;14;29m▉[38;2;121;90;178;48;2;140;95;241m▏[38;2;132;90;242;48;2;131;90;240m▊[38;2;130;91;240;48;2;132;91;240m▘[38;2;132;92;239;48;2;52;39;92m▉[38;2;105;73;190;48;2;50;40;81m│[38;2;20;21;22;48;2;20;21;20m┠[38;2;20;20;20;48;2;21;21;21m┙[48;2;20;20;20m [38;2;71;57;102;48;2;21;21;22m▁[38;2;32;24;54;48;2;138;96;238m▏[38;2;131;90;242;48;2;131;90;241m┃[38;2;131;90;241;48;2;132;91;240m▅[38;2;130;91;234;48;2;37;30;58m▊[38;2;111;83;198;48;2;35;29;54m┃[38;2;19;21;20;48;2;21;21;21m▎[38;2;22;20;23;48;2;114;85;169m▉[38;2;151;106;237;48;2;131;90;241m▎[38;2;132;91;242;48;2;131;90;242m╱[38;2;133;90;242;48;2;135;89;240m▉[38;2;125;88;225;48;2;20;18;29m▋[38;2;98;71;163;48;2;19;19;22m▌[38;2;20;20;20;48;2;21;21;21m▃▃[38;2;19;21;22;48;2;20;20;21m╻[38;2;51;41;77m▁[38;2;56;45;83;48;2;134;93;229m▎[38;2;131;90;242;48;2;130;89;241m▃[38;2;132;90;242m▖[38;2;130;89;238;48;2;96;77;157m▉[38;2;106;79;184;48;2;49;39;76m┃[38;2;20;20;20;48;2;21;21;21m▃[38;2;58;47;94;48;2;20;21;21m▝[38;2;20;20;21;48;2;64;49;107m▅[38;2;34;29;48;48;2;97;72;156m▋[38;2;102;70;180;48;2;132;90;232m▏[38;2;132;92;242;48;2;131;90;241m┈[38;2;129;89;233;48;2;73;54;125m▇[38;2;132;91;229;48;2;39;33;56m▄[38;2;132;95;215;48;2;30;29;38m▂[38;2;135;96;202;48;2;21;21;20m▂[38;2;135;95;204;48;2;21;21;21m▂[38;2;125;88;200;48;2;29;27;35m▃[38;2;32;28;41;48;2;123;86;206m▘[38;2;134;93;240;48;2;128;89;228m┊[38;2;132;91;241;48;2;132;91;239m╉[38;2;55;46;90;48;2;119;83;213m╺[38;2;75;60;124;48;2;37;33;57m▎[38;2;20;21;21;48;2;60;46;101m▅[38;2;21;21;21;48;2;75;58;131m▅[38;2;20;21;20;48;2;22;21;24m┈[48;2;21;21;21m    [38;2;21;21;21;48;2;20;20;20m▖   [0m
[7m[38;2;20;20;20m [0m[38;2;0;0;0;48;2;20;20;20m       [38;2;123;85;214;48;2;34;29;45m▗[38;2;128;88;225;48;2;35;30;47m▄[38;2;134;90;236;48;2;133;90;237m▎▅[38;2;134;91;237;48;2;126;86;222m╴[38;2;128;88;227;48;2;33;29;44m▄[38;2;126;87;224;48;2;58;45;93m▖[38;2;130;89;229;48;2;63;48;103m▗[38;2;130;88;228;48;2;34;30;46m▄[38;2;95;69;163;48;2;39;33;56m▋[38;2;118;83;210;48;2;63;48;103m▄[38;2;127;88;229;48;2;61;47;99m▖[38;2;43;36;64;48;2;94;67;163m▏[38;2;129;88;229;48;2;30;27;40m▄[38;2;122;85;213;48;2;59;45;96m▖[38;2;130;89;232;48;2;67;50;109m▗[38;2;129;88;229;48;2;34;30;47m▄[38;2;133;90;238;48;2;129;88;230m┈[38;2;76;56;126;48;2;132;90;235m▝[38;2;126;87;224;48;2;20;20;20m▄[38;2;73;55;120m▖[38;2;21;21;21;48;2;20;20;21m┊[38;2;20;20;23;48;2;118;85;184m▌[38;2;74;55;127;48;2;129;88;234m▁[38;2;126;86;224;48;2;131;90;238m╶[38;2;125;88;228;48;2;132;92;238m┌[38;2;129;90;229;48;2;97;67;171m▉[38;2;132;90;232;48;2;38;32;59m▅[38;2;132;90;231;48;2;21;20;23m▅[38;2;131;90;232;48;2;22;21;23m▅[38;2;131;91;232m▅[38;2;126;87;227;48;2;73;55;129m▇[38;2;130;89;233;48;2;131;90;237m╻[38;2;125;83;229m▁[38;2;77;57;133;48;2;128;88;234m▁[38;2;107;77;188;48;2;47;37;77m▍[38;2;101;78;171;48;2;20;20;21m▎[38;2;21;21;22;48;2;52;40;76m▉[38;2;128;89;219;48;2;141;99;233m┎[38;2;123;88;220;48;2;133;92;238m╻[38;2;125;87;220;48;2;131;89;236m╌[38;2;130;89;228;48;2;30;26;46m▋[38;2;92;71;156;48;2;23;20;30m▌[38;2;20;20;19;48;2;21;21;21m╸[38;2;21;21;21;48;2;32;29;47m▇[38;2;90;67;153;48;2;31;28;43m╹[38;2;60;46;98;48;2;122;85;215m▅[38;2;144;100;238;48;2;131;90;238m▖[38;2;125;89;225;48;2;131;91;239m┌[38;2;121;85;223;48;2;131;90;237m╶[38;2;131;90;234;48;2;58;45;94m▅[38;2;91;73;150;48;2;32;29;46m▏[38;2;20;20;20;48;2;21;21;22m╴[38;2;20;21;21;48;2;18;16;27m▉[38;2;57;46;86;48;2;135;95;228m▂[38;2;126;86;228;48;2;130;91;235m┈[38;2;127;87;223;48;2;132;92;240m╷[38;2;132;91;231;48;2;134;92;240m╻[38;2;128;88;231;48;2;97;68;173m▉[38;2;134;91;237;48;2;38;32;59m▅[38;2;135;94;235;48;2;24;22;27m▅[38;2;134;94;237;48;2;25;23;30m▅[38;2;94;67;161;48;2;133;92;232m▏[38;2;129;89;231;48;2;132;90;241m▁[38;2;122;84;224;48;2;132;90;239m▁[38;2;130;90;236;48;2;125;86;224m┊[38;2;102;74;181;48;2;32;27;45m▊[38;2;125;91;208;48;2;38;30;59m┃[38;2;20;21;19;48;2;21;21;21m▍[38;2;22;21;24;48;2;110;82;162m▉[38;2;123;85;218;48;2;135;94;237m▁[38;2;124;87;224;48;2;132;91;240m┒[38;2;127;87;229;48;2;132;91;239m╻[38;2;132;91;239;48;2;119;84;220m▇[38;2;48;38;67;48;2;128;88;229m▝[38;2;132;92;231;48;2;22;21;22m▅[38;2;131;91;229;48;2;21;21;23m▅[38;2;132;91;230;48;2;21;21;24m▅[38;2;92;70;150;48;2;133;92;238m▘[38;2;129;90;236;48;2;133;92;240m▅[38;2;122;84;228;48;2;130;91;238m▁[38;2;52;42;94;48;2;127;88;231m▁[38;2;54;43;87;48;2;125;89;223m▅[38;2;94;70;158;48;2;47;38;72m┞[38;2;20;20;20;48;2;21;21;21m╹ [38;2;22;22;25;48;2;73;58;103m▉[38;2;74;55;122;48;2;127;88;213m▃[38;2;114;80;204;48;2;131;90;237m▁[38;2;115;83;203;48;2;132;92;238m▁[38;2;62;50;106;48;2;132;92;240m▃[38;2;97;68;172;48;2;125;88;225m▏[38;2;128;88;232;48;2;133;91;241m▁[38;2;132;90;238;48;2;134;92;241m▖[38;2;133;91;234m▁[38;2;121;84;215;48;2;131;91;238m▁[38;2;68;51;116;48;2;131;91;236m▂[38;2;60;46;99;48;2;126;88;228m▖[38;2;120;80;211;48;2;131;91;237m▁[38;2;117;85;204;48;2;132;91;238m▁[38;2;48;39;78;48;2;110;79;189m▃[38;2;69;57;117;48;2;28;27;37m╴[38;2;20;20;20;48;2;21;21;21m▏     [38;2;21;21;21;48;2;20;20;20m▌   [0m
[7m[38;2;20;20;20m [0m[38;2;0;0;0;48;2;20;20;20m       [38;2;47;39;71;48;2;129;88;227m▎[38;2;133;89;237;48;2;133;90;237m▂[38;2;132;90;237m▃[38;2;135;89;234;48;2;133;90;238m▁[38;2;135;88;236;48;2;134;91;239m▁[38;2;135;89;237;48;2;133;91;238m▁[38;2;135;89;236;48;2;134;91;238m▁[38;2;134;91;238;48;2;134;90;237m▍[48;2;134;91;236m▎[38;2;63;49;103;48;2;131;89;232m▝[38;2;130;88;232;48;2;62;48;101m▄[38;2;125;86;222;48;2;49;40;75m▅[38;2;93;66;160;48;2;128;87;226m▏[38;2;133;90;238;48;2;133;90;237m▂[38;2;135;89;236;48;2;134;91;239m▁[38;2;133;89;237;48;2;133;90;237m▃[38;2;134;88;234;48;2;132;90;237m▁[38;2;132;90;237;48;2;133;90;237m▃[38;2;132;89;233m▁[38;2;133;90;237;48;2;132;89;235m╴[38;2;112;80;195;48;2;21;21;22m▍[38;2;20;20;20;48;2;19;20;20m▉[38;2;18;20;22;48;2;28;26;37m╴[38;2;19;20;24;48;2;75;57;128m▖[38;2;59;47;99;48;2;106;76;187m▃[38;2;27;24;37;48;2;129;91;229m▃[38;2;26;23;36;48;2;128;90;228m▃[38;2;27;24;36;48;2;128;89;231m▃[38;2;27;24;38;48;2;128;89;230m▃[38;2;27;24;39;48;2;130;90;234m▃[38;2;27;24;38;48;2;129;90;229m▃[38;2;27;25;38;48;2;129;90;232m▃[38;2;26;24;36;48;2;129;89;230m▃[38;2;28;25;40;48;2;106;75;187m▃[38;2;79;59;134;48;2;54;43;90m▌[38;2;38;33;58;48;2;75;58;132m▄[38;2;64;49;99;48;2;20;21;21m▘[38;2;20;21;21;48;2;37;31;54m▉[38;2;39;33;60;48;2;126;89;219m▃[38;2;25;23;33;48;2;127;90;222m▃[38;2;26;24;35;48;2;121;85;215m▃[38;2;121;83;215;48;2;42;34;63m▘[38;2;96;74;161;48;2;22;20;29m▌[48;2;21;21;21m  [38;2;20;20;20m▝[38;2;21;21;22;48;2;55;41;81m▉[38;2;46;38;76;48;2;133;93;225m▃[38;2;27;24;37;48;2;124;87;221m▃[38;2;25;23;36;48;2;127;88;225m▃[38;2;26;23;34;48;2;118;84;213m▃[38;2;40;33;62;48;2;104;77;176m▋[38;2;57;43;93;48;2;20;20;21m▏[48;2;21;21;21m [38;2;68;54;119;48;2;24;23;29m▝[38;2;54;43;90;48;2;111;79;194m▆[38;2;48;39;81;48;2;121;86;214m▃[38;2;28;25;39;48;2;125;87;224m▃[38;2;26;22;36;48;2;131;92;230m▃[38;2;26;24;37;48;2;130;90;231m▃[38;2;26;24;35;48;2;129;90;231m▃[38;2;26;23;35;48;2;130;90;232m▃[38;2;26;24;35;48;2;132;92;232m▃[38;2;28;25;36;48;2;126;86;225m▃[38;2;37;32;57;48;2;110;78;194m▃[38;2;86;63;153;48;2;56;45;94m▗[38;2;88;67;154;48;2;33;28;48m┛[38;2;64;51;104;48;2;26;25;35m╹[38;2;19;20;20;48;2;20;21;21m╴[38;2;21;21;23;48;2;75;60;110m▉[38;2;40;33;62;48;2;126;90;219m▃[38;2;27;25;37;48;2;122;86;217m▃[38;2;27;24;35;48;2;123;85;222m▃[38;2;26;23;35;48;2;129;90;227m▃[38;2;26;24;36;48;2;128;90;228m▃[38;2;25;24;35;48;2;130;90;230m▃[38;2;25;23;34;48;2;130;90;231m▃[38;2;24;21;32;48;2;128;89;228m▃[38;2;25;23;34;48;2;130;91;232m▃[38;2;27;24;34;48;2;126;89;228m▃[38;2;61;47;103;48;2;119;83;216m▆[38;2;95;71;165;48;2;53;43;85m╼[38;2;29;27;38;48;2;80;61;135m▆[38;2;21;20;25;48;2;20;21;20m▏[48;2;21;21;21m  [38;2;21;21;21;48;2;20;21;23m▇[38;2;23;23;27;48;2;72;56;117m▇[38;2;21;21;21;48;2;76;57;127m▖[38;2;53;42;86;48;2;81;57;141m▆[38;2;35;31;49;48;2;71;55;118m▇[38;2;20;20;22;48;2;52;41;87m▄[38;2;74;55;119;48;2;127;90;219m▏[38;2;80;63;140;48;2;130;90;232m▁[38;2;84;62;136;48;2;130;91;233m▁[38;2;119;86;208;48;2;51;40;86m▌[38;2;90;70;144;48;2;42;36;68m▏[38;2;25;24;33;48;2;68;51;115m▆[38;2;46;39;75;48;2;92;68;156m▅[38;2;72;54;120;48;2;51;41;83m▏[38;2;53;43;78;48;2;32;29;44m╵[38;2;20;21;21;48;2;21;21;21m┈[38;2;21;21;21;48;2;20;20;20m▆[48;2;21;21;21m   [38;2;20;20;20m┊┙[38;2;21;21;21;48;2;20;20;20m▘   [0m
[7m[38;2;20;20;20m [0m[38;2;0;0;0;48;2;20;20;20m       [38;2;20;20;20;48;2;50;42;76m▇[48;2;83;64;145m▇[48;2;83;64;144m▇[48;2;84;64;145m▇[48;2;83;64;145m▇▇[48;2;84;65;145m▇[48;2;84;65;144m▇[48;2;85;64;145m▇[48;2;83;64;146m▇[48;2;83;65;146m▇[48;2;83;64;146m▇[48;2;83;64;145m▇▇[48;2;83;64;146m▇[48;2;82;64;145m▇[48;2;83;64;144m▇▇▇[48;2;84;64;144m▇[48;2;20;20;20m [48;2;21;21;21m▌[38;2;21;21;21;48;2;20;20;20m▇▂[38;2;20;21;21;48;2;73;59;124m▆[38;2;21;20;23;48;2;115;81;200m▆[48;2;115;83;199m▆[48;2;115;82;199m▆[38;2;20;20;23;48;2;115;83;201m▆[48;2;116;83;200m▆[38;2;21;21;23;48;2;116;84;201m▆[38;2;21;20;23;48;2;116;85;201m▆[38;2;20;20;23;48;2;109;80;193m▆[38;2;21;20;23;48;2;111;81;193m▆[38;2;23;23;28;48;2;54;42;90m▇[38;2;19;20;19;48;2;20;20;20m▘ [38;2;19;21;20;48;2;20;20;21m╴[38;2;20;20;22;48;2;112;82;190m▆[38;2;20;21;23;48;2;112;79;193m▆[38;2;20;20;22;48;2;115;82;195m▆[48;2;109;77;188m▆[38;2;20;20;21;48;2;67;53;115m▆[38;2;21;21;21;48;2;20;20;20m╲[48;2;21;21;21m [48;2;20;20;20m▇[38;2;20;21;21;48;2;20;21;19m▇[38;2;21;21;22;48;2;95;71;164m▆[38;2;21;20;22;48;2;115;82;201m▆[38;2;21;21;23;48;2;117;83;200m▆[48;2;114;81;199m▆[38;2;20;20;22;48;2;114;83;199m▆[38;2;19;21;19;48;2;21;21;23m╴[38;2;20;20;20;48;2;21;21;21m▘ [38;2;20;22;21m┊[38;2;20;21;22;48;2;93;70;159m▆[38;2;21;20;23;48;2;111;78;197m▆[38;2;20;20;22;48;2;115;83;199m▆[38;2;21;21;23;48;2;112;80;200m▆[38;2;21;21;22;48;2;112;80;193m▆[38;2;21;21;23;48;2;115;82;196m▆[48;2;116;84;198m▆[48;2;114;81;196m▆[38;2;20;20;22;48;2;109;78;193m▆[38;2;19;21;20;48;2;25;24;29m┈[38;2;20;20;20;48;2;20;20;21m▆[38;2;21;21;21;48;2;20;20;20m▗▅[38;2;20;21;20;48;2;21;21;21m┈[38;2;20;21;23;48;2;111;83;189m▆[48;2;114;81;198m▆[38;2;21;20;23;48;2;112;80;195m▆[38;2;21;21;23;48;2;112;81;196m▆[48;2;114;82;199m▆[48;2;113;81;196m▆[48;2;115;83;197m▆▆[38;2;20;20;23;48;2;115;83;195m▆[38;2;21;21;24;48;2;111;80;191m▆[38;2;21;21;22;48;2;83;64;137m▆[48;2;21;21;21m╵[38;2;21;21;21;48;2;20;21;21m▇[48;2;21;21;21m  [38;2;20;20;20m▁▝┈[38;2;20;21;21m┊[38;2;20;20;20m▁[38;2;21;21;21;48;2;20;20;20m┈[38;2;21;21;20;48;2;21;21;21m┈[38;2;61;48;104;48;2;25;24;31m▝[38;2;61;46;99;48;2;38;32;55m╹[38;2;59;44;94;48;2;37;30;52m╹[38;2;20;21;21;48;2;73;55;122m▄[48;2;27;25;32m┈[38;2;21;21;20;48;2;21;21;21m┊[38;2;21;21;21;48;2;19;21;22m▇[38;2;21;21;20;48;2;21;21;21m┊[38;2;20;20;20m╸  ▖  ╺━[38;2;21;21;19;48;2;20;20;20m╴   [0m
[7m[38;2;20;20;20m [0m[38;2;0;0;0;48;2;20;20;20m                            [38;2;20;20;20;48;2;21;21;21m▌▁[38;2;21;21;21;48;2;20;20;20m▘╶╴┏╸▗[38;2;20;20;20;48;2;21;21;21m┑▁[48;2;21;21;20m▗[38;2;21;21;21;48;2;20;20;20m▝[38;2;20;20;20;48;2;21;21;21m▗[48;2;20;20;20m [48;2;21;21;21m▆[48;2;20;20;20m [38;2;21;21;21m┒╌[38;2;20;20;20;48;2;21;21;21m▌▁▁[38;2;21;21;21;48;2;20;20;20m┓┏[38;2;20;20;20;48;2;21;21;21m▁▁ [38;2;21;21;20m▃[38;2;20;20;20m▁▁▁[38;2;21;21;21;48;2;20;20;20m▆[38;2;20;20;20;48;2;21;21;21m▁[38;2;21;21;21;48;2;20;20;20m╺[48;2;21;21;21m [38;2;20;20;20m▁▁▉[38;2;21;21;21;48;2;20;20;20m▅[38;2;20;20;20;48;2;21;21;21m▁▁▁▁▁[38;2;21;21;21;48;2;20;20;20m▘┌╍┑[38;2;20;20;20;48;2;21;21;21m▍▁[38;2;21;21;21;48;2;20;20;20m╴[38;2;20;20;20;48;2;21;21;21m▅▁[38;2;20;20;19;48;2;21;21;20m╶[38;2;20;20;20;48;2;21;21;21m▄▁▁▁▁▁▁▁▁▁▁▁▁ ▁▁ ▊▁▁▁[48;2;20;20;20m [48;2;21;21;21m▁▁▁▂▁▁▁▁▁▅┮▂[48;2;20;20;20m    [0m
[7m[38;2;20;20;20m [0m[38;2;0;0;0;48;2;20;20;20m                                                                                                                       [0m
[7m[38;2;20;20;20m [0m[38;2;0;0;0;48;2;20;20;20m                                                                                                                       [0m
[7m[38;2;20;20;20m [0m[38;2;0;0;0;48;2;20;20;20m                                                                                                                       [0m
[?25h